# wavelength   electrons_per_sec       
  300.0        0.0                     
  300.727      0.0                     
  301.455      0.0                     
  302.182      1.3994537037037037E-16  
  302.91       3.6894814814814814E-16  
  303.637      1.7811296296296297E-16  
  304.365      3.8167037037037037E-16  
  305.092      0.0                     
  305.82       3.0533611111111114E-16  
  306.547      0.0                     
  307.275      8.142296296296296E-16   
  308.002      4.580046296296296E-16   
  308.729      0.0                     
  309.457      1.017787037037037E-16   
  310.184      2.5444722222222224E-16  
  310.912      5.088935185185185E-17   
  311.639      0.0                     
  312.367      0.0                     
  313.094      0.0                     
  313.822      0.0                     
  314.549      4.071148148148148E-16   
  315.277      0.0                     
  316.004      4.7708796296296297E-17  
  316.731      1.017787037037037E-16   
  317.459      2.035574074074074E-16   
  318.186      0.0                     
  318.914      2.035574074074074E-16   
  319.641      0.0                     
  320.369      0.0                     
  321.096      0.0                     
  321.824      4.071148148148148E-16   
  322.551      0.0                     
  323.279      0.0                     
  324.006      0.0                     
  324.733      0.0                     
  325.461      3.0533611111111114E-16  
  326.188      0.0                     
  326.916      1.9083518518518519E-16  
  327.643      0.0                     
  328.371      7.633407407407407E-17   
  329.098      0.0                     
  329.826      2.035574074074074E-16   
  330.553      1.017787037037037E-16   
  331.281      2.2900185185185185E-16  
  332.008      0.0                     
  332.735      0.0                     
  333.463      0.0                     
  334.19       0.0                     
  334.918      0.0                     
  335.645      0.0                     
  336.373      0.0                     
  337.1        0.0                     
  337.828      0.0                     
  338.555      1.081398148148148E-16   
  339.283      1.017787037037037E-16   
  340.01       5.597833333333334E-16   
  340.737      0.0                     
  341.465      0.0                     
  342.192      0.0                     
  342.92       2.321824074074074E-16   
  343.647      2.5444722222222224E-16  
  344.375      0.0                     
  345.102      1.2722314814814816E-16  
  345.83       1.017787037037037E-16   
  346.557      5.088935185185186E-16   
  347.285      4.071148148148148E-16   
  348.012      2.035574074074074E-16   
  348.739      8.142296296296296E-16   
  349.467      2.5444722222222224E-16  
  350.194      0.0                     
  350.922      0.0                     
  351.649      2.5444722222222222E-17  
  352.377      1.017787037037037E-16   
  353.104      3.5622592592592595E-16  
  353.832      3.3078055555555556E-16  
  354.559      2.035574074074074E-16   
  355.287      0.0                     
  356.014      3.6894814814814814E-16  
  356.741      0.0                     
  357.469      0.0                     
  358.196      0.0                     
  358.924      0.0                     
  359.651      0.0                     
  360.379      5.088935185185185E-17   
  361.106      0.0                     
  361.834      4.071148148148148E-16   
  362.561      0.0                     
  363.289      1.7811296296296297E-16  
  364.016      2.035574074074074E-16   
  364.743      2.7353055555555557E-16  
  365.471      0.0                     
  366.198      1.5266851851851852E-16  
  366.926      0.0                     
  367.653      0.0                     
  368.381      1.017787037037037E-16   
  369.108      0.0                     
  369.836      1.017787037037037E-16   
  370.563      0.0                     
  371.291      2.035574074074074E-16   
  372.018      1.017787037037037E-16   
  372.745      5.677342592592593E-16   
  373.473      3.435027777777778E-16   
  374.2        5.343379629629629E-16   
  374.928      0.0                     
  375.655      7.633407407407407E-17   
  376.383      5.852277777777778E-16   
  377.11       0.0                     
  377.838      0.0                     
  378.565      0.0                     
  379.293      0.0                     
  380.02       0.0                     
  380.747      0.0                     
  381.475      0.0                     
  382.202      2.5444722222222224E-16  
  382.93       2.035574074074074E-16   
  383.657      1.017787037037037E-16   
  384.385      0.0                     
  385.112      2.035574074074074E-16   
  385.84       0.0                     
  386.567      0.0                     
  387.295      1.017787037037037E-16   
  388.022      1.5266851851851852E-16  
  388.75       0.0                     
  389.477      0.0                     
  390.204      6.742842592592592E-16   
  390.932      4.325592592592592E-16   
  391.659      2.035574074074074E-16   
  392.387      0.0                     
  393.114      1.3994537037037037E-16  
  393.842      0.0                     
  394.569      5.088935185185185E-17   
  395.297      0.0                     
  396.024      6.147435185185185E-14   
  396.752      8.21336111111111E-12    
  397.479      2.8956944444444443E-10  
  398.206      3.227824074074074E-9    
  398.934      1.565472222222222E-8    
  399.661      4.4797037037037034E-8   
  400.389      9.26925925925926E-8     
  401.116      1.5860185185185185E-7   
  401.844      2.4005648148148147E-7   
  402.571      3.3341481481481484E-7   
  403.299      4.372787037037037E-7    
  404.026      5.487018518518519E-7    
  404.754      6.647537037037036E-7    
  405.481      7.840740740740741E-7    
  406.208      9.075481481481481E-7    
  406.936      1.03775E-6              
  407.663      1.1673703703703704E-6   
  408.391      1.2936388888888889E-6   
  409.118      1.4188425925925927E-6   
  409.846      1.5499351851851851E-6   
  410.573      1.6828055555555555E-6   
  411.301      1.8236296296296295E-6   
  412.028      1.971435185185185E-6    
  412.756      2.120564814814815E-6    
  413.483      2.2760370370370372E-6   
  414.21       2.4617962962962964E-6   
  414.938      2.6824444444444448E-6   
  415.665      2.9133425925925928E-6   
  416.393      3.1287870370370373E-6   
  417.12       3.32012037037037E-6     
  417.848      3.471694444444445E-6    
  418.575      3.5914074074074075E-6   
  419.303      3.719759259259259E-6    
  420.03       3.871768518518518E-6    
  420.758      4.029685185185185E-6    
  421.485      4.201527777777778E-6    
  422.212      4.391296296296296E-6    
  422.94       4.598148148148148E-6    
  423.667      4.83762962962963E-6     
  424.395      5.077611111111112E-6    
  425.122      5.2925740740740744E-6   
  425.85       5.481833333333333E-6    
  426.577      5.649453703703704E-6    
  427.305      5.795083333333333E-6    
  428.032      5.934824074074074E-6    
  428.76       6.0752685185185184E-6   
  429.487      6.274703703703704E-6    
  430.214      6.581768518518519E-6    
  430.942      6.909935185185185E-6    
  431.669      7.259787037037037E-6    
  432.397      7.652212962962963E-6    
  433.124      8.00037037037037E-6     
  433.852      8.267805555555555E-6    
  434.579      8.583027777777778E-6    
  435.307      8.961185185185186E-6    
  436.034      9.304629629629629E-6    
  436.762      9.61277777777778E-6     
  437.489      9.917222222222222E-6    
  438.216      1.0254722222222221E-5   
  438.944      1.0691666666666668E-5   
  439.671      1.1263796296296297E-5   
  440.399      1.18725E-5              
  441.126      1.2406759259259259E-5   
  441.854      1.2811481481481482E-5   
  442.581      1.3078518518518518E-5   
  443.309      1.3248055555555555E-5   
  444.036      1.3400833333333332E-5   
  444.764      1.3639722222222222E-5   
  445.491      1.398212962962963E-5    
  446.218      1.4375185185185185E-5   
  446.946      1.4763055555555557E-5   
  447.673      1.5179537037037036E-5   
  448.401      1.5629074074074073E-5   
  449.128      1.6083333333333336E-5   
  449.856      1.6484537037037036E-5   
  450.583      1.684814814814815E-5    
  451.311      1.722138888888889E-5    
  452.038      1.7634814814814817E-5   
  452.766      1.8023981481481483E-5   
  453.493      1.83975E-5              
  454.22       1.885722222222222E-5    
  454.948      1.9330092592592593E-5   
  455.675      1.9742592592592593E-5   
  456.403      2.0183055555555554E-5   
  457.13       2.0660555555555554E-5   
  457.858      2.10212962962963E-5     
  458.585      2.1321666666666666E-5   
  459.313      2.161361111111111E-5    
  460.04       2.1880277777777777E-5   
  460.768      2.216851851851852E-5    
  461.495      2.2545000000000002E-5   
  462.222      2.294675925925926E-5    
  462.95       2.3319537037037038E-5   
  463.677      2.369787037037037E-5    
  464.405      2.4113333333333332E-5   
  465.132      2.461E-5                
  465.86       2.5267777777777778E-5   
  466.587      2.5946481481481484E-5   
  467.315      2.6467314814814814E-5   
  468.042      2.685361111111111E-5    
  468.77       2.7143981481481484E-5   
  469.497      2.7359074074074074E-5   
  470.224      2.7678055555555556E-5   
  470.952      2.8198611111111114E-5   
  471.679      2.880037037037037E-5    
  472.407      2.9435925925925923E-5   
  473.134      3.0065462962962963E-5   
  473.862      3.0608425925925926E-5   
  474.589      3.106833333333333E-5    
  475.317      3.155324074074074E-5    
  476.044      3.210435185185185E-5    
  476.772      3.2661203703703703E-5   
  477.499      3.325351851851852E-5    
  478.226      3.3923333333333334E-5   
  478.954      3.462796296296296E-5    
  479.681      3.5370555555555554E-5   
  480.409      3.619851851851852E-5    
  481.136      3.702296296296296E-5    
  481.864      3.77012037037037E-5     
  482.591      3.8239814814814813E-5   
  483.319      3.8537129629629636E-5   
  484.046      3.850018518518518E-5    
  484.774      3.826611111111111E-5    
  485.501      3.8085E-5               
  486.228      3.8169999999999995E-5   
  486.956      3.860287037037037E-5    
  487.683      3.934601851851852E-5    
  488.411      4.037009259259259E-5    
  489.138      4.1534722222222225E-5   
  489.866      4.244759259259259E-5    
  490.593      4.306175925925926E-5    
  491.321      4.358898148148148E-5    
  492.048      4.41812037037037E-5     
  492.776      4.4873981481481485E-5   
  493.503      4.5657129629629635E-5   
  494.23       4.649398148148148E-5    
  494.958      4.732212962962963E-5    
  495.685      4.7996111111111115E-5   
  496.413      4.8382500000000006E-5   
  497.14       4.860546296296296E-5    
  497.868      4.886555555555555E-5    
  498.595      4.906388888888889E-5    
  499.323      4.8849907407407405E-5   
  500.05       4.7935925925925926E-5   
  500.778      4.616944444444444E-5    
  501.505      4.333361111111112E-5    
  502.232      3.947935185185185E-5    
  502.96       3.500574074074074E-5    
  503.687      3.036814814814815E-5    
  504.415      2.573777777777778E-5    
  505.142      2.127574074074074E-5    
  505.87       1.7217037037037037E-5   
  506.597      1.3767777777777778E-5   
  507.325      1.1231111111111112E-5   
  508.052      1.003824074074074E-5    
  508.78       1.035537037037037E-5    
  509.507      1.2135648148148149E-5   
  510.234      1.526953703703704E-5    
  510.962      1.946462962962963E-5    
  511.689      2.4452037037037038E-5   
  512.417      3.0103425925925927E-5   
  513.144      3.614601851851852E-5    
  513.872      4.213666666666667E-5    
  514.599      4.7676481481481484E-5   
  515.327      5.255814814814815E-5    
  516.054      5.6857407407407406E-5   
  516.782      6.121601851851851E-5    
  517.509      6.754027777777777E-5    
  518.236      7.686037037037037E-5    
  518.964      8.611564814814815E-5    
  519.691      9.247555555555556E-5    
  520.419      9.590462962962962E-5    
  521.146      9.555185185185184E-5    
  521.874      9.074611111111112E-5    
  522.601      8.475740740740741E-5    
  523.329      8.020500000000001E-5    
  524.056      7.672648148148149E-5    
  524.784      7.302685185185185E-5    
  525.511      6.990398148148148E-5    
  526.238      6.84675E-5              
  526.966      6.877083333333334E-5    
  527.693      7.107324074074074E-5    
  528.421      7.62575E-5              
  529.148      8.318388888888889E-5    
  529.876      9.057324074074074E-5    
  530.603      9.795833333333333E-5    
  531.331      1.0511944444444444E-4   
  532.058      1.1180092592592593E-4   
  532.786      1.1723148148148148E-4   
  533.513      1.2138796296296296E-4   
  534.24       1.245861111111111E-4    
  534.968      1.2603425925925926E-4   
  535.695      1.254638888888889E-4    
  536.423      1.2403888888888888E-4   
  537.15       1.2191481481481482E-4   
  537.878      1.1910740740740741E-4   
  538.605      1.1614351851851852E-4   
  539.333      1.1351388888888888E-4   
  540.06       1.1218518518518518E-4   
  540.788      1.13425E-4              
  541.515      1.2005462962962963E-4   
  542.242      1.3806296296296297E-4   
  542.97       1.7690833333333336E-4   
  543.697      2.5190833333333334E-4   
  544.425      3.9106296296296297E-4   
  545.152      6.372851851851852E-4    
  545.88       0.0010443888888888888   
  546.607      0.0016883703703703702   
  547.335      0.002676972222222222    
  548.062      0.004121666666666667    
  548.79       0.006118194444444444    
  549.517      0.008771166666666667    
  550.244      0.012193148148148147    
  550.972      0.016450462962962965    
  551.699      0.021653425925925927    
  552.427      0.028197685185185183    
  553.154      0.036226666666666664    
  553.882      0.044995                
  554.609      0.05549814814814815     
  555.337      0.08448472222222222     
  556.064      0.23572314814814813     
  556.792      0.5271898148148149      
  557.519      0.6807833333333334      
  558.247      0.7124962962962964      
  558.974      0.710412037037037       
  559.701      0.5850314814814815      
  560.429      0.3201027777777778      
  561.156      0.19464259259259262     
  561.884      0.1889148148148148      
  562.611      0.19871759259259258     
  563.339      0.20961296296296297     
  564.066      0.2184361111111111      
  564.794      0.22575462962962964     
  565.521      0.23425555555555555     
  566.249      0.2424009259259259      
  566.976      0.2499611111111111      
  567.703      0.2587212962962963      
  568.431      0.26777685185185185     
  569.158      0.27621944444444446     
  569.886      0.28501574074074076     
  570.613      0.2943777777777778      
  571.341      0.30335092592592594     
  572.068      0.3113564814814815      
  572.796      0.31880462962962963     
  573.523      0.32510925925925926     
  574.251      0.32975925925925925     
  574.978      0.33319537037037034     
  575.705      0.3360416666666667      
  576.433      0.3385351851851852      
  577.16       0.34100462962962963     
  577.888      0.3441240740740741      
  578.615      0.3480148148148148      
  579.343      0.3525574074074074      
  580.07       0.35780925925925927     
  580.798      0.36358703703703704     
  581.525      0.36908888888888886     
  582.253      0.37372407407407404     
  582.98       0.37727499999999997     
  583.707      0.38047962962962967     
  584.435      0.3905018518518518      
  585.162      0.41249444444444444     
  585.89       0.43843333333333334     
  586.617      0.5189203703703704      
  587.345      0.6989240740740741      
  588.072      0.8398462962962963      
  588.8        0.8705861111111112      
  589.527      0.8629907407407408      
  590.255      0.8049694444444444      
  590.982      0.6497268518518519      
  591.709      0.5264333333333333      
  592.437      0.491625                
  593.164      0.49471018518518517     
  593.892      0.5006601851851852      
  594.619      0.4911842592592593      
  595.347      0.4772527777777778      
  596.074      0.47767777777777776     
  596.802      0.4671259259259259      
  597.529      0.4447148148148148      
  598.257      0.4372768518518519      
  598.984      0.4346138888888889      
  599.711      0.42286111111111113     
  600.439      0.4161425925925926      
  601.166      0.41605277777777777     
  601.894      0.41624537037037035     
  602.621      0.41398981481481484     
  603.349      0.414                   
  604.076      0.4161518518518519      
  604.804      0.4172824074074074      
  605.531      0.4164101851851852      
  606.259      0.4163407407407408      
  606.986      0.4170814814814815      
  607.713      0.417937037037037       
  608.441      0.41849351851851857     
  609.168      0.41770833333333335     
  609.896      0.41653425925925924     
  610.623      0.4154601851851852      
  611.351      0.4149648148148148      
  612.078      0.41859074074074076     
  612.806      0.42733611111111114     
  613.533      0.43354444444444445     
  614.261      0.4368324074074074      
  614.988      0.44180185185185183     
  615.715      0.4487277777777778      
  616.443      0.4487379629629629      
  617.17       0.44808425925925927     
  617.898      0.4497611111111111      
  618.625      0.4507657407407407      
  619.353      0.45013240740740745     
  620.08       0.4530296296296296      
  620.808      0.4624194444444445      
  621.535      0.48682037037037035     
  622.263      0.536962037037037       
  622.99       0.5717018518518518      
  623.717      0.5932879629629629      
  624.445      0.6263055555555556      
  625.172      0.6335462962962963      
  625.9        0.592725925925926       
  626.627      0.5675583333333334      
  627.355      0.610037037037037       
  628.082      0.9466111111111111      
  628.81       1.6677037037037037      
  629.537      2.0610833333333334      
  630.265      2.112972222222222       
  630.992      2.0713981481481483      
  631.719      1.7349444444444444      
  632.447      0.9983518518518518      
  633.174      0.5947462962962963      
  633.902      0.5520518518518518      
  634.629      0.6577296296296297      
  635.357      0.8557555555555556      
  636.084      0.9547592592592593      
  636.812      0.9704074074074074      
  637.539      0.9492592592592592      
  638.267      0.8090601851851852      
  638.994      0.5589638888888889      
  639.721      0.43887314814814815     
  640.449      0.4224092592592592      
  641.176      0.4133361111111111      
  641.904      0.40819074074074074     
  642.631      0.40709907407407403     
  643.359      0.4041                  
  644.086      0.4050212962962963      
  644.814      0.4341583333333333      
  645.541      0.4828277777777778      
  646.269      0.5084351851851852      
  646.996      0.5137805555555556      
  647.723      0.5291990740740741      
  648.451      0.5554527777777778      
  649.178      0.5519111111111111      
  649.906      0.5466416666666667      
  650.633      0.5543453703703703      
  651.361      0.5527731481481482      
  652.088      0.5382157407407407      
  652.816      0.5290527777777777      
  653.543      0.5401527777777778      
  654.271      0.572987037037037       
  654.998      0.5838064814814815      
  655.725      0.5724731481481481      
  656.453      0.5794296296296296      
  657.18       0.568150925925926       
  657.908      0.5260972222222222      
  658.635      0.5037870370370371      
  659.363      0.48657314814814817     
  660.09       0.44887685185185183     
  660.818      0.42865277777777777     
  661.545      0.4267592592592593      
  662.273      0.4186925925925926      
  663.0        0.40120555555555554     
  663.727      0.39244351851851855     
  664.455      0.391562962962963       
  665.182      0.39002777777777775     
  665.91       0.38422222222222224     
  666.637      0.38110462962962965     
  667.365      0.3808435185185185      
  668.092      0.3800824074074074      
  668.82       0.37849537037037034     
  669.547      0.37952129629629633     
  670.275      0.3820787037037037      
  671.002      0.3841425925925926      
  671.729      0.3847185185185185      
  672.457      0.3842                  
  673.184      0.3837203703703704      
  673.912      0.38185185185185183     
  674.639      0.379062962962963       
  675.367      0.37600092592592593     
  676.094      0.37218333333333337     
  676.822      0.369587962962963       
  677.549      0.36935092592592594     
  678.277      0.36932314814814815     
  679.004      0.3691027777777778      
  679.731      0.3700777777777778      
  680.459      0.3856759259259259      
  681.186      0.461312962962963       
  681.914      0.5932138888888889      
  682.641      0.6704055555555556      
  683.369      0.6946055555555555      
  684.096      0.7408453703703703      
  684.824      0.7850601851851852      
  685.551      0.7168611111111111      
  686.279      0.6533018518518519      
  687.006      0.6506731481481481      
  687.733      0.6249777777777779      
  688.461      0.5391111111111111      
  689.188      0.5028972222222222      
  689.916      0.5240833333333333      
  690.643      0.5464351851851852      
  691.371      0.573462037037037       
  692.098      0.586625                
  692.826      0.6272398148148147      
  693.553      0.6816481481481481      
  694.281      0.6799120370370371      
  695.008      0.6355768518518519      
  695.735      0.6272027777777778      
  696.463      0.6087685185185185      
  697.19       0.5424564814814815      
  697.918      0.5045092592592593      
  698.645      0.4939046296296296      
  699.373      0.4743833333333333      
  700.1        0.447175                
  700.828      0.43303703703703705     
  701.555      0.42843425925925926     
  702.283      0.4238712962962963      
  703.01       0.42189537037037034     
  703.737      0.4257916666666667      
  704.465      0.4347185185185185      
  705.192      0.4467157407407408      
  705.92       0.4554064814814815      
  706.647      0.451687037037037       
  707.375      0.4385731481481482      
  708.102      0.4272796296296296      
  708.83       0.41524259259259255     
  709.557      0.4010027777777778      
  710.285      0.3852046296296296      
  711.012      0.3737814814814815      
  711.739      0.3741240740740741      
  712.467      0.3794787037037037      
  713.194      0.389175                
  713.922      0.3971555555555556      
  714.649      0.40076111111111107     
  715.377      0.40005740740740736     
  716.104      0.4002972222222222      
  716.832      0.3950027777777778      
  717.559      0.3855777777777778      
  718.287      0.3759166666666667      
  719.014      0.3673453703703704      
  719.741      0.3589092592592592      
  720.469      0.35537962962962966     
  721.196      0.3744527777777778      
  721.924      0.4878240740740741      
  722.651      0.7557185185185186      
  723.379      1.0206018518518518      
  724.106      1.1516666666666666      
  724.834      1.1888148148148148      
  725.561      1.2156296296296296      
  726.289      1.234611111111111       
  727.016      1.1885833333333333      
  727.743      1.1428148148148147      
  728.471      1.14925                 
  729.198      1.090324074074074       
  729.926      0.9279722222222222      
  730.653      0.9210351851851852      
  731.381      1.0019259259259259      
  732.108      1.0913425925925926      
  732.836      1.2330277777777778      
  733.563      1.2567222222222223      
  734.291      1.1461759259259259      
  735.018      1.1098240740740741      
  735.746      1.1481666666666666      
  736.473      1.0281574074074074      
  737.2        0.9292037037037038      
  737.928      0.9310277777777778      
  738.655      0.9252166666666666      
  739.383      0.7924703703703704      
  740.11       0.711912962962963       
  740.838      0.7082296296296297      
  741.565      0.7004953703703704      
  742.293      0.6624175925925927      
  743.02       0.6393259259259259      
  743.748      0.6276490740740741      
  744.475      0.6037768518518518      
  745.202      0.5706592592592592      
  745.93       0.5786824074074074      
  746.657      0.6366212962962964      
  747.385      0.6996861111111111      
  748.112      0.715975                
  748.84       0.664375925925926       
  749.567      0.5816268518518518      
  750.295      0.5669305555555556      
  751.022      0.6549351851851852      
  751.75       0.7363231481481481      
  752.477      0.7682638888888889      
  753.204      0.7662166666666667      
  753.932      0.7057518518518519      
  754.659      0.5836203703703704      
  755.387      0.532625                
  756.114      0.5900731481481482      
  756.842      0.6418648148148147      
  757.569      0.6689916666666668      
  758.297      0.6528814814814815      
  759.024      0.5656296296296296      
  759.752      0.446687962962963       
  760.479      0.393325                
  761.206      0.3673101851851852      
  761.934      0.36595185185185186     
  762.661      0.38706574074074074     
  763.389      0.4023083333333334      
  764.116      0.41016759259259256     
  764.844      0.42013148148148144     
  765.571      0.4095944444444444      
  766.299      0.4142796296296296      
  767.026      0.44222870370370365     
  767.754      0.4665398148148148      
  768.481      0.48866296296296297     
  769.208      0.6105824074074073      
  769.936      0.9212101851851852      
  770.663      1.243212962962963       
  771.391      1.3992685185185185      
  772.118      1.441861111111111       
  772.846      1.4792037037037038      
  773.573      1.473148148148148       
  774.301      1.3563796296296295      
  775.028      1.3352037037037037      
  775.756      1.3919814814814815      
  776.483      1.3526666666666667      
  777.21       1.2162407407407407      
  777.938      1.245824074074074       
  778.665      1.2439259259259259      
  779.393      1.2326666666666666      
  780.12       1.3130925925925927      
  780.848      1.4506481481481481      
  781.575      1.3596203703703704      
  782.303      1.2794351851851853      
  783.03       1.40275                 
  783.758      1.6281759259259259      
  784.485      1.6388148148148147      
  785.212      1.660824074074074       
  785.94       1.771064814814815       
  786.667      1.721787037037037       
  787.395      1.4360092592592593      
  788.122      1.1829537037037037      
  788.85       1.0463425925925927      
  789.577      1.0509444444444445      
  790.305      1.289111111111111       
  791.032      1.5258425925925927      
  791.76       1.6694907407407407      
  792.487      1.7024537037037037      
  793.214      1.5614074074074074      
  793.942      1.2188425925925925      
  794.669      1.0178981481481482      
  795.397      1.108787037037037       
  796.124      1.2396111111111112      
  796.852      1.330111111111111       
  797.579      1.431462962962963       
  798.307      1.5465277777777777      
  799.034      1.4030555555555555      
  799.762      1.2734351851851853      
  800.489      1.3183796296296297      
  801.216      1.3835648148148147      
  801.944      1.2309907407407408      
  802.671      1.1150833333333334      
  803.399      1.0746111111111112      
  804.126      0.9780462962962962      
  804.854      0.8326972222222222      
  805.581      0.7508203703703704      
  806.309      0.7355268518518518      
  807.036      0.7126111111111111      
  807.764      0.633125                
  808.491      0.5580555555555555      
  809.218      0.557687962962963       
  809.946      0.5634111111111111      
  810.673      0.5543555555555556      
  811.401      0.5421537037037036      
  812.128      0.5111231481481482      
  812.856      0.4791370370370371      
  813.583      0.4778074074074074      
  814.311      0.4794805555555556      
  815.038      0.4701555555555556      
  815.766      0.45255370370370374     
  816.493      0.42521574074074076     
  817.22       0.4030722222222223      
  817.948      0.40491481481481484     
  818.675      0.4168898148148148      
  819.403      0.42877314814814815     
  820.13       0.43675648148148144     
  820.858      0.43374166666666664     
  821.585      0.42044722222222225     
  822.313      0.4124027777777778      
  823.04       0.41316296296296295     
  823.768      0.41975555555555555     
  824.495      0.4290490740740741      
  825.222      0.4505351851851852      
  825.95       0.5666962962962963      
  826.677      0.8792601851851852      
  827.405      1.2529074074074074      
  828.132      1.5693703703703703      
  828.86       1.8698425925925926      
  829.587      1.9543796296296296      
  830.315      1.69925                 
  831.042      1.3309722222222222      
  831.77       1.0532037037037036      
  832.497      1.0532592592592593      
  833.224      1.5444537037037036      
  833.952      1.984574074074074       
  834.679      2.159990740740741       
  835.407      2.2190462962962965      
  836.134      2.0154537037037037      
  836.862      1.4790648148148149      
  837.589      1.0845648148148148      
  838.317      1.125398148148148       
  839.044      1.461685185185185       
  839.772      1.6451296296296296      
  840.499      1.7090555555555556      
  841.226      1.9054907407407407      
  841.954      2.114990740740741       
  842.681      1.902388888888889       
  843.409      1.714888888888889       
  844.136      1.6694444444444445      
  844.864      1.6194537037037038      
  845.591      1.5507407407407408      
  846.319      1.520398148148148       
  847.046      1.4924907407407408      
  847.774      1.4370833333333333      
  848.501      1.3384814814814814      
  849.228      1.1677037037037037      
  849.956      1.0718518518518518      
  850.683      1.0161944444444444      
  851.411      0.9190916666666666      
  852.138      0.846199074074074       
  852.866      0.8291898148148148      
  853.593      0.8715296296296297      
  854.321      0.8964601851851851      
  855.048      0.8929361111111112      
  855.776      0.8289453703703704      
  856.503      0.6716462962962964      
  857.23       0.556787037037037       
  857.958      0.542699074074074       
  858.685      0.5691435185185185      
  859.413      0.5931388888888889      
  860.14       0.6487759259259259      
  860.868      0.7941398148148149      
  861.595      1.013601851851852       
  862.323      1.184462962962963       
  863.05       1.314851851851852       
  863.778      1.4957037037037038      
  864.505      1.6589074074074075      
  865.232      1.689148148148148       
  865.96       1.702574074074074       
  866.687      1.6902685185185184      
  867.415      1.5164537037037038      
  868.142      1.2319907407407407      
  868.87       0.9932314814814814      
  869.597      0.8035324074074074      
  870.325      0.6618953703703704      
  871.052      0.5858666666666666      
  871.78       0.5490296296296296      
  872.507      0.5221842592592593      
  873.234      0.5240731481481482      
  873.962      0.7197805555555555      
  874.689      1.2759907407407407      
  875.417      1.9197407407407407      
  876.144      2.4154444444444443      
  876.872      2.8350555555555554      
  877.599      2.9118333333333335      
  878.327      2.4351018518518517      
  879.054      1.8033518518518519      
  879.782      1.3653055555555556      
  880.509      1.3279074074074073      
  881.236      1.8961666666666666      
  881.964      2.428351851851852       
  882.691      2.812287037037037       
  883.419      2.972111111111111       
  884.146      2.6680277777777777      
  884.874      1.9576296296296296      
  885.601      1.5872037037037037      
  886.329      1.5630185185185186      
  887.056      1.9082407407407407      
  887.784      2.1024907407407407      
  888.511      2.1225833333333335      
  889.238      2.1550185185185184      
  889.966      2.201                   
  890.693      2.251574074074074       
  891.421      2.2772685185185186      
  892.148      2.261                   
  892.876      2.207527777777778       
  893.603      2.1133611111111112      
  894.331      1.9746388888888888      
  895.058      1.8840925925925927      
  895.786      1.7737685185185186      
  896.513      1.5683703703703704      
  897.24       1.3298611111111112      
  897.968      1.1020833333333333      
  898.695      1.172425925925926       
  899.423      1.2571851851851852      
  900.15       1.2417777777777779      
  900.878      1.1481944444444445      
  901.605      0.9186509259259259      
  902.333      0.674012037037037       
  903.06       0.6370796296296297      
  903.788      0.7499194444444445      
  904.515      0.8076777777777777      
  905.243      0.7878537037037037      
  905.97       0.722412037037037       
  906.697      0.6308601851851852      
  907.425      0.5216814814814814      
  908.152      0.5153361111111111      
  908.88       0.5661583333333333      
  909.607      0.58035                 
  910.335      0.5732990740740741      
  911.062      0.5475796296296296      
  911.79       0.4790638888888889      
  912.517      0.40578333333333333     
  913.245      0.3927879629629629      
  913.972      0.4343194444444444      
  914.699      0.4823638888888889      
  915.427      0.49943425925925927     
  916.154      0.4939324074074074      
  916.882      0.47272129629629633     
  917.609      0.4248712962962963      
  918.337      0.3740962962962963      
  919.064      0.3564759259259259      
  919.792      0.36636759259259255     
  920.519      0.3964842592592593      
  921.247      0.42989074074074074     
  921.974      0.4417990740740741      
  922.701      0.4382685185185185      
  923.429      0.42365092592592596     
  924.156      0.39010462962962966     
  924.884      0.3526407407407407      
  925.611      0.33568425925925927     
  926.339      0.33001018518518516     
  927.066      0.32533240740740743     
  927.794      0.33107222222222227     
  928.521      0.433787037037037       
  929.249      0.7660222222222222      
  929.976      1.1930462962962962      
  930.703      1.4974074074074073      
  931.431      1.7309537037037037      
  932.158      1.7475462962962962      
  932.886      1.4677037037037037      
  933.613      1.0505648148148148      
  934.341      0.7285703703703704      
  935.068      0.4981259259259259      
  935.796      0.6242407407407408      
  936.523      1.0960462962962962      
  937.251      1.359074074074074       
  937.978      1.4446759259259259      
  938.705      1.499064814814815       
  939.433      1.283638888888889       
  940.16       0.8088842592592592      
  940.888      0.639250925925926       
  941.615      0.6278703703703704      
  942.343      0.6938546296296296      
  943.07       0.9442592592592592      
  943.798      1.0860648148148149      
  944.525      1.103351851851852       
  945.253      1.1023796296296295      
  945.98       1.0855462962962963      
  946.707      1.0428055555555555      
  947.435      0.9641018518518518      
  948.162      0.8804740740740741      
  948.89       0.8926055555555555      
  949.617      0.8071685185185185      
  950.345      0.6154916666666668      
  951.072      0.6114231481481481      
  951.8        0.6155722222222223      
  952.527      0.5320379629629629      
  953.255      0.4977148148148148      
  953.982      0.4762138888888889      
  954.709      0.413687037037037       
  955.437      0.4509537037037037      
  956.164      0.48969722222222223     
  956.892      0.46734722222222225     
  957.619      0.405387962962963       
  958.347      0.3232944444444445      
  959.074      0.2205                  
  959.802      0.19269074074074072     
  960.529      0.21499722222222223     
  961.257      0.2290861111111111      
  961.984      0.2296111111111111      
  962.711      0.21521574074074074     
  963.439      0.18224722222222223     
  964.166      0.15203611111111112     
  964.894      0.14941944444444444     
  965.621      0.17272685185185185     
  966.349      0.21487037037037038     
  967.076      0.2811037037037037      
  967.804      0.3554888888888889      
  968.531      0.42677499999999996     
  969.259      0.4518398148148148      
  969.986      0.47906666666666664     
  970.713      0.5050351851851852      
  971.441      0.46345462962962963     
  972.168      0.3854537037037037      
  972.896      0.3481490740740741      
  973.623      0.281437962962963       
  974.351      0.17882314814814818     
  975.078      0.12818425925925925     
  975.806      0.10536203703703705     
  976.533      0.08152074074074074     
  977.261      0.12350833333333333     
  977.988      0.25429814814814816     
  978.715      0.3521194444444445      
  979.443      0.38405462962962966     
  980.17       0.3889861111111111      
  980.898      0.3335092592592593      
  981.625      0.1980185185185185      
  982.353      0.09682407407407408     
  983.08       0.06706296296296296     
  983.808      0.06506324074074074     
  984.535      0.06545842592592593     
  985.263      0.08005444444444444     
  985.99       0.11419074074074075     
  986.717      0.12431203703703704     
  987.445      0.11487407407407407     
  988.172      0.11386574074074074     
  988.9        0.09882962962962963     
  989.627      0.07047361111111111     
  990.355      0.07092092592592593     
  991.082      0.07281277777777778     
  991.81       0.06327092592592592     
  992.537      0.06323037037037037     
  993.265      0.06702944444444445     
  993.992      0.05894472222222222     
  994.719      0.060927037037037036    
  995.447      0.06458351851851853     
  996.174      0.058023796296296296    
  996.902      0.04169759259259259     
  997.629      0.026780740740740744    
  998.357      0.01310759259259259     
  999.084      0.008253611111111111    
  999.812      0.010208055555555555    
  1000.54      0.012343518518518518    
  1001.27      0.01348898148148148     
  1001.99      0.013251574074074075    
  1002.72      0.01084212962962963     
  1003.45      0.006659064814814815    
  1004.18      0.003610231481481481    
  1004.9       0.002150972222222222    
  1005.63      0.0017079814814814813   
  1006.36      0.001646037037037037    
  1007.09      0.0016559351851851852   
  1007.81      0.0015323333333333332   
  1008.54      0.0012469999999999998   
  1009.27      0.001035888888888889    
  1010.0       8.242509259259259E-4    
  1010.72      5.57675E-4              
  1011.45      5.131046296296297E-4    
  1012.18      5.093750000000001E-4    
  1012.91      4.4074444444444443E-4   
  1013.63      4.198805555555555E-4    
  1014.36      4.0459629629629627E-4   
  1015.09      3.5097222222222225E-4   
  1015.82      3.907703703703704E-4    
  1016.54      4.367212962962963E-4    
  1017.27      4.630833333333333E-4    
  1018.0       4.838740740740741E-4    
  1018.73      4.567925925925926E-4    
  1019.45      4.2352037037037037E-4   
  1020.18      4.5918240740740743E-4   
  1020.91      4.6271944444444446E-4   
  1021.64      4.278305555555556E-4    
  1022.36      3.863564814814815E-4    
  1023.09      3.003675925925926E-4    
  1023.82      1.9152962962962962E-4   
  1024.55      1.2017870370370371E-4   
  1025.27      6.434925925925926E-5    
  1026.0       5.243231481481481E-5    
  1026.73      1.4024351851851853E-4   
  1027.45      3.398462962962963E-4    
  1028.18      4.8084166666666667E-4   
  1028.91      5.23725E-4              
  1029.64      5.278148148148148E-4    
  1030.36      4.434981481481481E-4    
  1031.09      2.4505555555555554E-4   
  1031.82      1.0753425925925926E-4   
  1032.55      7.455166666666667E-5    
  1033.27      7.804685185185185E-5    
  1034.0       8.272222222222222E-5    
  1034.73      8.526611111111112E-5    
  1035.46      1.099287037037037E-4    
  1036.18      1.5687870370370373E-4   
  1036.91      1.6350648148148148E-4   
  1037.64      1.6159444444444445E-4   
  1038.37      1.7304722222222222E-4   
  1039.09      1.5349537037037038E-4   
  1039.82      1.1673518518518519E-4   
  1040.55      1.339138888888889E-4    
  1041.28      1.4545185185185186E-4   
  1042.0       1.2958703703703703E-4   
  1042.73      1.1774629629629629E-4   
  1043.46      9.72861111111111E-5     
  1044.19      6.044268518518518E-5    
  1044.91      5.443388888888889E-5    
  1045.64      7.872851851851852E-5    
  1046.37      9.112157407407407E-5    
  1047.1       8.653314814814815E-5    
  1047.82      7.282018518518519E-5    
  1048.55      5.327638888888889E-5    
  1049.28      2.7351851851851854E-5   
  1050.01      1.885861111111111E-5    
  1050.73      2.407101851851852E-5    
  1051.46      3.353638888888889E-5    
  1052.19      3.7596666666666665E-5   
  1052.92      3.5264722222222226E-5   
  1053.64      2.931472222222222E-5    
  1054.37      2.171675925925926E-5    
  1055.1       1.2072962962962963E-5   
  1055.83      8.356768518518519E-6    
  1056.55      9.229407407407407E-6    
  1057.28      1.1276944444444444E-5   
  1058.01      1.2051574074074074E-5   
  1058.74      1.1255462962962962E-5   
  1059.46      9.541111111111111E-6    
  1060.19      7.495407407407407E-6    
  1060.92      4.901324074074074E-6    
  1061.65      3.5838518518518518E-6   
  1062.37      3.4405277777777776E-6   
  1063.1       3.777712962962963E-6    
  1063.83      4.230435185185185E-6    
  1064.56      4.3667777777777774E-6   
  1065.28      4.286814814814815E-6    
  1066.01      4.079712962962962E-6    
  1066.74      3.838537037037037E-6    
  1067.46      4.184037037037037E-6    
  1068.19      5.6445833333333334E-6   
  1068.92      8.469111111111112E-6    
  1069.65      1.1834907407407408E-5   
  1070.37      1.3808055555555557E-5   
  1071.1       1.6362314814814815E-5   
  1071.83      1.9687685185185184E-5   
  1072.56      2.006435185185185E-5    
  1073.28      2.064212962962963E-5    
  1074.01      2.3507037037037036E-5   
  1074.74      2.222388888888889E-5    
  1075.47      1.787537037037037E-5    
  1076.19      1.5683055555555557E-5   
  1076.92      1.209351851851852E-5    
  1077.65      6.773722222222223E-6    
  1078.38      4.271722222222222E-6    
  1079.1       3.27737962962963E-6     
  1079.83      1.929703703703704E-6    
  1080.56      1.618E-6                
  1081.29      4.73413888888889E-6     
  1082.01      1.1975092592592593E-5   
  1082.74      1.7176296296296295E-5   
  1083.47      1.8851759259259258E-5   
  1084.2       1.9160185185185186E-5   
  1084.92      1.6169444444444444E-5   
  1085.65      8.921712962962963E-6    
  1086.38      3.73825E-6              
  1087.11      2.036694444444444E-6    
  1087.83      1.5348796296296297E-6   
  1088.56      1.774324074074074E-6    
  1089.29      1.9245555555555558E-6   
  1090.02      1.8599722222222223E-6   
  1090.74      2.3422592592592595E-6   
  1091.47      3.2417870370370373E-6   
  1092.2       3.2339907407407406E-6   
  1092.93      3.114453703703704E-6    
  1093.65      3.2707685185185184E-6   
  1094.38      2.792601851851852E-6    
  1095.11      1.7468703703703703E-6   
  1095.84      1.5074444444444446E-6   
  1096.56      1.4411203703703703E-6   
  1097.29      9.20037037037037E-7     
  1098.02      3.118083333333333E-7    
  1098.75      5.445287037037037E-8    
