350
350.273
350.545
350.818
351.09
351.363
351.636
351.908
352.181
352.453
352.726
352.999
353.271
353.544
353.817
354.089
354.362
354.634
354.907
355.18
355.452
355.725
355.997
356.27
356.543
356.815
357.088
357.36
357.633
357.906
358.178
358.451
358.723
358.996
359.269
359.541
359.814
360.087
360.359
360.632
360.904
361.177
361.45
361.722
361.995
362.267
362.54
362.813
363.085
363.358
363.63
363.903
364.176
364.448
364.721
364.993
365.266
365.539
365.811
366.084
366.357
366.629
366.902
367.174
367.447
367.72
367.992
368.265
368.537
368.81
369.083
369.355
369.628
369.9
370.173
370.446
370.718
370.991
371.263
371.536
371.809
372.081
372.354
372.627
372.899
373.172
373.444
373.717
373.99
374.262
374.535
374.807
375.08
375.353
375.625
375.898
376.17
376.443
376.716
376.988
377.261
377.533
377.806
378.079
378.351
378.624
378.897
379.169
379.442
379.714
379.987
380.26
380.532
380.805
381.077
381.35
381.623
381.895
382.168
382.44
382.713
382.986
383.258
383.531
383.803
384.076
384.349
384.621
384.894
385.167
385.439
385.712
385.984
386.257
386.53
386.802
387.075
387.347
387.62
387.893
388.165
388.438
388.71
388.983
389.256
389.528
389.801
390.074
390.346
390.619
390.891
391.164
391.437
391.709
391.982
392.254
392.527
392.8
393.072
393.345
393.617
393.89
394.163
394.435
394.708
394.98
395.253
395.526
395.798
396.071
396.344
396.616
396.889
397.161
397.434
397.707
397.979
398.252
398.524
398.797
399.07
399.342
399.615
399.887
400.16
400.433
400.705
400.978
401.25
401.523
401.796
402.068
402.341
402.614
402.886
403.159
403.431
403.704
403.977
404.249
404.522
404.794
405.067
405.34
405.612
405.885
406.157
406.43
406.703
406.975
407.248
407.52
407.793
408.066
408.338
408.611
408.884
409.156
409.429
409.701
409.974
410.247
410.519
410.792
411.064
411.337
411.61
411.882
412.155
412.427
412.7
412.973
413.245
413.518
413.79
414.063
414.336
414.608
414.881
415.154
415.426
415.699
415.971
416.244
416.517
416.789
417.062
417.334
417.607
417.88
418.152
418.425
418.697
418.97
419.243
419.515
419.788
420.06
420.333
420.606
420.878
421.151
421.424
421.696
421.969
422.241
422.514
422.787
423.059
423.332
423.604
423.877
424.15
424.422
424.695
424.967
425.24
425.513
425.785
426.058
426.33
426.603
426.876
427.148
427.421
427.694
427.966
428.239
428.511
428.784
429.057
429.329
429.602
429.874
430.147
430.42
430.692
430.965
431.237
431.51
431.783
432.055
432.328
432.6
432.873
433.146
433.418
433.691
433.964
434.236
434.509
434.781
435.054
435.327
435.599
435.872
436.144
436.417
436.69
436.962
437.235
437.507
437.78
438.053
438.325
438.598
438.87
439.143
439.416
439.688
439.961
440.234
440.506
440.779
441.051
441.324
441.597
441.869
442.142
442.414
442.687
442.96
443.232
443.505
443.777
444.05
444.323
444.595
444.868
445.14
445.413
445.686
445.958
446.231
446.504
446.776
447.049
447.321
447.594
447.867
448.139
448.412
448.684
448.957
449.23
449.502
449.775
450.047
450.32
450.593
450.865
451.138
451.41
451.683
451.956
452.228
452.501
452.774
453.046
453.319
453.591
453.864
454.137
454.409
454.682
454.954
455.227
455.5
455.772
456.045
456.317
456.59
456.863
457.135
457.408
457.68
457.953
458.226
458.498
458.771
459.044
459.316
459.589
459.861
460.134
460.407
460.679
460.952
461.224
461.497
461.77
462.042
462.315
462.587
462.86
463.133
463.405
463.678
463.95
464.223
464.496
464.768
465.041
465.314
465.586
465.859
466.131
466.404
466.677
466.949
467.222
467.494
467.767
468.04
468.312
468.585
468.857
469.13
469.403
469.675
469.948
470.221
470.493
470.766
471.038
471.311
471.584
471.856
472.129
472.401
472.674
472.947
473.219
473.492
473.764
474.037
474.31
474.582
474.855
475.127
475.4
475.673
475.945
476.218
476.491
476.763
477.036
477.308
477.581
477.854
478.126
478.399
478.671
478.944
479.217
479.489
479.762
480.034
480.307
480.58
480.852
481.125
481.397
481.67
481.943
482.215
482.488
482.761
483.033
483.306
483.578
483.851
484.124
484.396
484.669
484.941
485.214
485.487
485.759
486.032
486.304
486.577
486.85
487.122
487.395
487.667
487.94
488.213
488.485
488.758
489.031
489.303
489.576
489.848
490.121
490.394
490.666
490.939
491.211
491.484
491.757
492.029
492.302
492.574
492.847
493.12
493.392
493.665
493.937
494.21
494.483
494.755
495.028
495.301
495.573
495.846
496.118
496.391
496.664
496.936
497.209
497.481
497.754
498.027
498.299
498.572
498.844
499.117
499.39
499.662
499.935
500.207
500.48
500.753
501.025
501.298
501.571
501.843
502.116
502.388
502.661
502.934
503.206
503.479
503.751
504.024
504.297
504.569
504.842
505.114
505.387
505.66
505.932
506.205
506.477
506.75
507.023
507.295
507.568
507.841
508.113
508.386
508.658
508.931
509.204
509.476
509.749
510.021
510.294
510.567
510.839
511.112
511.384
511.657
511.93
512.202
512.475
512.747
513.02
513.293
513.565
513.838
514.111
514.383
514.656
514.928
515.201
515.474
515.746
516.019
516.291
516.564
516.837
517.109
517.382
517.654
517.927
518.2
518.472
518.745
519.017
519.29
519.563
519.835
520.108
520.381
520.653
520.926
521.198
521.471
521.744
522.016
522.289
522.561
522.834
523.107
523.379
523.652
523.924
524.197
524.47
524.742
525.015
525.287
525.56
525.833
526.105
526.378
526.651
526.923
527.196
527.468
527.741
528.014
528.286
528.559
528.831
529.104
529.377
529.649
529.922
530.194
530.467
530.74
531.012
531.285
531.557
531.83
532.103
532.375
532.648
532.921
533.193
533.466
533.738
534.011
534.284
534.556
534.829
535.101
535.374
535.647
535.919
536.192
536.464
536.737
537.01
537.282
537.555
537.827
538.1
538.373
538.645
538.918
539.191
539.463
539.736
540.008
540.281
540.554
540.826
541.099
541.371
541.644
541.917
542.189
542.462
542.734
543.007
543.28
543.552
543.825
544.097
544.37
544.643
544.915
545.188
545.461
545.733
546.006
546.278
546.551
546.824
547.096
547.369
547.641
547.914
548.187
548.459
548.732
549.004
549.277
549.55
549.822
550.095
550.368
550.64
550.913
551.185
551.458
551.731
552.003
552.276
552.548
552.821
553.094
553.366
553.639
553.911
554.184
554.457
554.729
555.002
555.274
555.547
555.82
556.092
556.365
556.638
556.91
557.183
557.455
557.728
558.001
558.273
558.546
558.818
559.091
559.364
559.636
559.909
560.181
560.454
560.727
560.999
561.272
561.544
561.817
562.09
562.362
562.635
562.908
563.18
563.453
563.725
563.998
564.271
564.543
564.816
565.088
565.361
565.634
565.906
566.179
566.451
566.724
566.997
567.269
567.542
567.814
568.087
568.36
568.632
568.905
569.178
569.45
569.723
569.995
570.268
570.541
570.813
571.086
571.358
571.631
571.904
572.176
572.449
572.721
572.994
573.267
573.539
573.812
574.084
574.357
574.63
574.902
575.175
575.448
575.72
575.993
576.265
576.538
576.811
577.083
577.356
577.628
577.901
578.174
578.446
578.719
578.991
579.264
579.537
579.809
580.082
580.354
580.627
580.9
581.172
581.445
581.718
581.99
582.263
582.535
582.808
583.081
583.353
583.626
583.898
584.171
584.444
584.716
584.989
585.261
585.534
585.807
586.079
586.352
586.624
586.897
587.17
587.442
587.715
587.988
588.26
588.533
588.805
589.078
589.351
589.623
589.896
590.168
590.441
590.714
590.986
591.259
591.531
591.804
592.077
592.349
592.622
592.894
593.167
593.44
593.712
593.985
594.258
594.53
594.803
595.075
595.348
595.621
595.893
596.166
596.438
596.711
596.984
597.256
597.529
597.801
598.074
598.347
598.619
598.892
599.164
599.437
599.71
599.982
600.255
600.528
600.8
601.073
601.345
601.618
601.891
602.163
602.436
602.708
602.981
603.254
603.526
603.799
604.071
604.344
604.617
604.889
605.162
605.434
605.707
605.98
606.252
606.525
606.798
607.07
607.343
607.615
607.888
608.161
608.433
608.706
608.978
609.251
609.524
609.796
610.069
610.341
610.614
610.887
611.159
611.432
611.704
611.977
612.25
612.522
612.795
613.068
613.34
613.613
613.885
614.158
614.431
614.703
614.976
615.248
615.521
615.794
616.066
616.339
616.611
616.884
617.157
617.429
617.702
617.974
618.247
618.52
618.792
619.065
619.338
619.61
619.883
620.155
620.428
620.701
620.973
621.246
621.518
621.791
622.064
622.336
622.609
622.881
623.154
623.427
623.699
623.972
624.245
624.517
624.79
625.062
625.335
625.608
625.88
626.153
626.425
626.698
626.971
627.243
627.516
627.788
628.061
628.334
628.606
628.879
629.151
629.424
629.697
629.969
630.242
630.515
630.787
631.06
631.332
631.605
631.878
632.15
632.423
632.695
632.968
633.241
633.513
633.786
634.058
634.331
634.604
634.876
635.149
635.421
635.694
635.967
636.239
636.512
636.785
637.057
637.33
637.602
637.875
638.148
638.42
638.693
638.965
639.238
639.511
639.783
640.056
640.328
640.601
640.874
641.146
641.419
641.691
641.964
642.237
642.509
642.782
643.055
643.327
643.6
643.872
644.145
644.418
644.69
644.963
645.235
645.508
645.781
646.053
646.326
646.598
646.871
647.144
647.416
647.689
647.961
648.234
648.507
648.779
649.052
649.325
649.597
649.87
650.142
650.415
650.688
650.96
651.233
651.505
651.778
652.051
652.323
652.596
652.868
653.141
653.414
653.686
653.959
654.231
654.504
654.777
655.049
655.322
655.595
655.867
656.14
656.412
656.685
656.958
657.23
657.503
657.775
658.048
658.321
658.593
658.866
659.138
659.411
659.684
659.956
660.229
660.501
660.774
661.047
661.319
661.592
661.865
662.137
662.41
662.682
662.955
663.228
663.5
663.773
664.045
664.318
664.591
664.863
665.136
665.408
665.681
665.954
666.226
666.499
666.771
667.044
667.317
667.589
667.862
668.135
668.407
668.68
668.952
669.225
669.498
669.77
670.043
670.315
670.588
670.861
671.133
671.406
671.678
671.951
672.224
672.496
672.769
673.041
673.314
673.587
673.859
674.132
674.405
674.677
674.95
675.222
675.495
675.768
676.04
676.313
676.585
676.858
677.131
677.403
677.676
677.948
678.221
678.494
678.766
679.039
679.311
679.584
679.857
680.129
680.402
680.675
680.947
681.22
681.492
681.765
682.038
682.31
682.583
682.855
683.128
683.401
683.673
683.946
684.218
684.491
684.764
685.036
685.309
685.581
685.854
686.127
686.399
686.672
686.945
687.217
687.49
687.762
688.035
688.308
688.58
688.853
689.125
689.398
689.671
689.943
690.216
690.488
690.761
691.034
691.306
691.579
691.851
692.124
692.397
692.669
692.942
693.215
693.487
693.76
694.032
694.305
694.578
694.85
695.123
695.395
695.668
695.941
696.213
696.486
696.758
697.031
697.304
697.576
697.849
698.121
698.394
698.667
698.939
699.212
699.485
699.757
700.03
700.302
700.575
700.848
701.12
701.393
701.665
701.938
702.211
702.483
702.756
703.028
703.301
703.574
703.846
704.119
704.392
704.664
704.937
705.209
705.482
705.755
706.027
706.3
706.572
706.845
707.118
707.39
707.663
707.935
708.208
708.481
708.753
709.026
709.298
709.571
709.844
710.116
710.389
710.662
710.934
711.207
711.479
711.752
712.025
712.297
712.57
712.842
713.115
713.388
713.66
713.933
714.205
714.478
714.751
715.023
715.296
715.568
715.841
716.114
716.386
716.659
716.932
717.204
717.477
717.749
718.022
718.295
718.567
718.84
719.112
719.385
719.658
719.93
720.203
720.475
720.748
721.021
721.293
721.566
721.838
722.111
722.384
722.656
722.929
723.202
723.474
723.747
724.019
724.292
724.565
724.837
725.11
725.382
725.655
725.928
726.2
726.473
726.745
727.018
727.291
727.563
727.836
728.108
728.381
728.654
728.926
729.199
729.472
729.744
730.017
730.289
730.562
730.835
731.107
731.38
731.652
731.925
732.198
732.47
732.743
733.015
733.288
733.561
733.833
734.106
734.378
734.651
734.924
735.196
735.469
735.742
736.014
736.287
736.559
736.832
737.105
737.377
737.65
737.922
738.195
738.468
738.74
739.013
739.285
739.558
739.831
740.103
740.376
740.648
740.921
741.194
741.466
741.739
742.012
742.284
742.557
742.829
743.102
743.375
743.647
743.92
744.192
744.465
744.738
745.01
745.283
745.555
745.828
746.101
746.373
746.646
746.918
747.191
747.464
747.736
748.009
748.282
748.554
748.827
749.099
749.372
749.645
749.917
750.19
750.462
750.735
751.008
751.28
751.553
751.825
752.098
752.371
752.643
752.916
753.188
753.461
753.734
754.006
754.279
754.552
754.824
755.097
755.369
755.642
755.915
756.187
756.46
756.732
757.005
757.278
757.55
757.823
758.095
758.368
758.641
758.913
759.186
759.458
759.731
760.004
760.276
760.549
760.822
761.094
761.367
761.639
761.912
762.185
762.457
762.73
763.002
763.275
763.548
763.82
764.093
764.365
764.638
764.911
765.183
765.456
765.728
766.001
766.274
766.546
766.819
767.092
767.364
767.637
767.909
768.182
768.455
768.727
769
769.272
769.545
769.818
770.09
770.363
770.635
770.908
771.181
771.453
771.726
771.998
772.271
772.544
772.816
773.089
773.362
773.634
773.907
774.179
774.452
774.725
774.997
775.27
775.542
775.815
776.088
776.36
776.633
776.905
777.178
777.451
777.723
777.996
778.269
778.541
778.814
779.086
779.359
779.632
779.904
780.177
780.449
780.722
780.995
781.267
781.54
781.812
782.085
782.358
782.63
782.903
783.175
783.448
783.721
783.993
784.266
784.539
784.811
785.084
785.356
785.629
785.902
786.174
786.447
786.719
786.992
787.265
787.537
787.81
788.082
788.355
788.628
788.9
789.173
789.445
789.718
789.991
790.263
790.536
790.809
791.081
791.354
791.626
791.899
792.172
792.444
792.717
792.989
793.262
793.535
793.807
794.08
794.352
794.625
794.898
795.17
795.443
795.715
795.988
796.261
796.533
796.806
797.079
797.351
797.624
797.896
798.169
798.442
798.714
798.987
799.259
799.532
799.805
800.077
800.35
800.622
800.895
801.168
801.44
801.713
801.985
802.258
802.531
802.803
803.076
803.349
803.621
803.894
804.166
804.439
804.712
804.984
805.257
805.529
805.802
806.075
806.347
806.62
806.892
807.165
807.438
807.71
807.983
808.255
808.528
808.801
809.073
809.346
809.619
809.891
810.164
810.436
810.709
810.982
811.254
811.527
811.799
812.072
812.345
812.617
812.89
813.162
813.435
813.708
813.98
814.253
814.525
814.798
815.071
815.343
815.616
815.889
816.161
816.434
816.706
816.979
817.252
817.524
817.797
818.069
818.342
818.615
818.887
819.16
819.432
819.705
819.978
820.25
820.523
820.795
821.068
821.341
821.613
821.886
822.159
822.431
822.704
822.976
823.249
823.522
823.794
824.067
824.339
824.612
824.885
825.157
825.43
825.702
825.975
826.248
826.52
826.793
827.065
827.338
827.611
827.883
828.156
828.429
828.701
828.974
829.246
829.519
829.792
830.064
830.337
830.609
830.882
831.155
831.427
831.7
831.972
832.245
832.518
832.79
833.063
833.335
833.608
833.881
834.153
834.426
834.699
834.971
835.244
835.516
835.789
836.062
836.334
836.607
836.879
837.152
837.425
837.697
837.97
838.242
838.515
838.788
839.06
839.333
839.605
839.878
840.151
840.423
840.696
840.969
841.241
841.514
841.786
842.059
842.332
842.604
842.877
843.149
843.422
843.695
843.967
844.24
844.512
844.785
845.058
845.33
845.603
845.875
846.148
846.421
846.693
846.966
847.239
847.511
847.784
848.056
848.329
848.602
848.874
849.147
849.419
849.692
849.965
850.237
850.51
850.782
851.055
851.328
851.6
851.873
852.145
852.418
852.691
852.963
853.236
853.509
853.781
854.054
854.326
854.599
854.872
855.144
855.417
855.689
855.962
856.235
856.507
856.78
857.052
857.325
857.598
857.87
858.143
858.416
858.688
858.961
859.233
859.506
859.779
860.051
860.324
860.596
860.869
861.142
861.414
861.687
861.959
862.232
862.505
862.777
863.05
863.322
863.595
863.868
864.14
864.413
864.686
864.958
865.231
865.503
865.776
866.049
866.321
866.594
866.866
867.139
867.412
867.684
867.957
868.229
868.502
868.775
869.047
869.32
869.592
869.865
870.138
870.41
870.683
870.956
871.228
871.501
871.773
872.046
872.319
872.591
872.864
873.136
873.409
873.682
873.954
874.227
874.499
874.772
875.045
875.317
875.59
875.862
876.135
876.408
876.68
876.953
877.226
877.498
877.771
878.043
878.316
878.589
878.861
879.134
879.406
879.679
879.952
880.224
880.497
880.769
881.042
881.315
881.587
881.86
882.132
882.405
882.678
882.95
883.223
883.496
883.768
884.041
884.313
884.586
884.859
885.131
885.404
885.676
885.949
886.222
886.494
886.767
887.039
887.312
887.585
887.857
888.13
888.402
888.675
888.948
889.22
889.493
889.766
890.038
890.311
890.583
890.856
891.129
891.401
891.674
891.946
892.219
892.492
892.764
893.037
893.309
893.582
893.855
894.127
894.4
894.672
894.945
895.218
895.49
895.763
896.036
896.308
896.581
896.853
897.126
897.399
897.671
897.944
898.216
898.489
898.762
899.034
899.307
899.579
899.852
900.125
900.397
900.67
900.942
901.215
901.488
901.76
902.033
902.306
902.578
902.851
903.123
903.396
903.669
903.941
904.214
904.486
904.759
905.032
905.304
905.577
905.849
906.122
906.395
906.667
906.94
907.212
907.485
907.758
908.03
908.303
908.576
908.848
909.121
909.393
909.666
909.939
910.211
910.484
910.756
911.029
911.302
911.574
911.847
912.119
912.392
912.665
912.937
913.21
913.482
913.755
914.028
914.3
914.573
914.846
915.118
915.391
915.663
915.936
916.209
916.481
916.754
917.026
917.299
917.572
917.844
918.117
918.389
918.662
918.935
919.207
919.48
919.752
920.025
920.298
920.57
920.843
921.116
921.388
921.661
921.933
922.206
922.479
922.751
923.024
923.296
923.569
923.842
924.114
924.387
924.659
924.932
925.205
925.477
925.75
926.022
926.295
926.568
926.84
927.113
927.386
927.658
927.931
928.203
928.476
928.749
929.021
929.294
929.566
929.839
930.112
930.384
930.657
930.929
931.202
931.475
931.747
932.02
932.292
932.565
932.838
933.11
933.383
933.656
933.928
934.201
934.473
934.746
935.019
935.291
935.564
935.836
936.109
936.382
936.654
936.927
937.199
937.472
937.745
938.017
938.29
938.563
938.835
939.108
939.38
939.653
939.926
940.198
940.471
940.743
941.016
941.289
941.561
941.834
942.106
942.379
942.652
942.924
943.197
943.469
943.742
944.015
944.287
944.56
944.833
945.105
945.378
945.65
945.923
946.196
946.468
946.741
947.013
947.286
947.559
947.831
948.104
948.376
948.649
948.922
949.194
949.467
949.739
950.012
950.285
950.557
950.83
951.103
951.375
951.648
951.92
952.193
952.466
952.738
953.011
953.283
953.556
953.829
954.101
954.374
954.646
954.919
955.192
955.464
955.737
956.009
956.282
956.555
956.827
957.1
957.373
957.645
957.918
958.19
958.463
958.736
959.008
959.281
959.553
959.826
960.099
960.371
960.644
960.916
961.189
961.462
961.734
962.007
962.279
962.552
962.825
963.097
963.37
963.643
963.915
964.188
964.46
964.733
965.006
965.278
965.551
965.823
966.096
966.369
966.641
966.914
967.186
967.459
967.732
968.004
968.277
968.549
968.822
969.095
969.367
969.64
969.913
970.185
970.458
970.73
971.003
971.276
971.548
971.821
972.093
972.366
972.639
972.911
973.184
973.456
973.729
974.002
974.274
974.547
974.819
975.092
975.365
975.637
975.91
976.183
976.455
976.728
977
977.273
977.546
977.818
978.091
978.363
978.636
978.909
979.181
979.454
979.726
979.999
980.272
980.544
980.817
981.089
981.362
981.635
981.907
982.18
982.453
982.725
982.998
983.27
983.543
983.816
984.088
984.361
984.633
984.906
985.179
985.451
985.724
985.996
986.269
986.542
986.814
987.087
987.359
987.632
987.905
988.177
988.45
988.723
988.995
989.268
989.54
989.813
990.086
990.358
990.631
990.903
991.176
991.449
991.721
991.994
992.266
992.539
992.812
993.084
993.357
993.629
993.902
994.175
994.447
994.72
994.993
995.265
995.538
995.81
996.083
996.356
996.628
996.901
997.173
997.446
997.719
997.991
998.264
998.536
998.809
999.082
999.354
999.627
999.899
1000.17
1000.44
1000.72
1000.99
1001.26
1001.54
1001.81
1002.08
1002.35
1002.63
1002.9
1003.17
1003.44
1003.72
1003.99
1004.26
1004.53
1004.81
1005.08
1005.35
1005.62
1005.9
1006.17
1006.44
1006.71
1006.99
1007.26
1007.53
1007.81
1008.08
1008.35
1008.62
1008.9
1009.17
1009.44
1009.71
1009.99
1010.26
1010.53
1010.8
1011.08
1011.35
1011.62
1011.89
1012.17
1012.44
1012.71
1012.98
1013.26
1013.53
1013.8
1014.08
1014.35
1014.62
1014.89
1015.17
1015.44
1015.71
1015.98
1016.26
1016.53
1016.8
1017.07
1017.35
1017.62
1017.89
1018.16
1018.44
1018.71
1018.98
1019.25
1019.53
1019.8
1020.07
1020.35
1020.62
1020.89
1021.16
1021.44
1021.71
1021.98
1022.25
1022.53
1022.8
1023.07
1023.34
1023.62
1023.89
1024.16
1024.43
1024.71
1024.98
1025.25
1025.52
1025.8
1026.07
1026.34
1026.62
1026.89
1027.16
1027.43
1027.71
1027.98
1028.25
1028.52
1028.8
1029.07
1029.34
1029.61
1029.89
1030.16
1030.43
1030.7
1030.98
1031.25
1031.52
1031.79
1032.07
1032.34
1032.61
1032.89
1033.16
1033.43
1033.7
1033.98
1034.25
1034.52
1034.79
1035.07
1035.34
1035.61
1035.88
1036.16
1036.43
1036.7
1036.97
1037.25
1037.52
1037.79
1038.06
1038.34
1038.61
1038.88
1039.16
1039.43
1039.7
1039.97
1040.25
1040.52
1040.79
1041.06
1041.34
1041.61
1041.88
1042.15
1042.43
1042.7
1042.97
1043.24
1043.52
1043.79
1044.06
1044.33
1044.61
1044.88
1045.15
1045.43
1045.7
1045.97
1046.24
1046.52
1046.79
1047.06
1047.33
1047.61
1047.88
1048.15
1048.42
1048.7
1048.97
1049.24
1049.51
1049.79
1050.06
1050.33
1050.6
1050.88
1051.15
1051.42
1051.7
1051.97
1052.24
1052.51
1052.79
1053.06
1053.33
1053.6
1053.88
1054.15
1054.42
1054.69
1054.97
1055.24
1055.51
1055.78
1056.06
1056.33
1056.6
1056.87
1057.15
1057.42
1057.69
1057.97
1058.24
1058.51
1058.78
1059.06
1059.33
1059.6
1059.87
1060.15
1060.42
1060.69
1060.96
1061.24
1061.51
1061.78
1062.05
1062.33
1062.6
1062.87
1063.14
1063.42
1063.69
1063.96
1064.24
1064.51
1064.78
1065.05
1065.33
1065.6
1065.87
1066.14
1066.42
1066.69
1066.96
1067.23
1067.51
1067.78
1068.05
1068.32
1068.6
1068.87
1069.14
1069.41
1069.69
1069.96
1070.23
1070.51
1070.78
1071.05
1071.32
1071.6
1071.87
1072.14
1072.41
1072.69
1072.96
1073.23
1073.5
1073.78
1074.05
1074.32
1074.59
1074.87
1075.14
1075.41
1075.68
1075.96
1076.23
1076.5
1076.78
1077.05
1077.32
1077.59
1077.87
1078.14
1078.41
1078.68
1078.96
1079.23
1079.5
1079.77
1080.05
1080.32
1080.59
1080.86
1081.14
1081.41
1081.68
1081.95
1082.23
1082.5
1082.77
1083.05
1083.32
1083.59
1083.86
1084.14
1084.41
1084.68
1084.95
1085.23
1085.5
1085.77
1086.04
1086.32
1086.59
1086.86
1087.13
1087.41
1087.68
1087.95
1088.22
1088.5
1088.77
1089.04
1089.32
1089.59
1089.86
1090.13
1090.41
1090.68
1090.95
1091.22
1091.5
1091.77
1092.04
1092.31
1092.59
1092.86
1093.13
1093.4
1093.68
1093.95
1094.22
1094.49
1094.77
1095.04
1095.31
1095.59
1095.86
1096.13
1096.4
1096.68
1096.95
1097.22
1097.49
1097.77
1098.04
1098.31
1098.58
1098.86
1099.13
1099.4
1099.67
