300
300.727
301.455
302.182
302.91
303.637
304.365
305.092
305.82
306.547
307.275
308.002
308.729
309.457
310.184
310.912
311.639
312.367
313.094
313.822
314.549
315.277
316.004
316.731
317.459
318.186
318.914
319.641
320.369
321.096
321.824
322.551
323.279
324.006
324.733
325.461
326.188
326.916
327.643
328.371
329.098
329.826
330.553
331.281
332.008
332.735
333.463
334.19
334.918
335.645
336.373
337.1
337.828
338.555
339.283
340.01
340.737
341.465
342.192
342.92
343.647
344.375
345.102
345.83
346.557
347.285
348.012
348.739
349.467
350.194
350.922
351.649
352.377
353.104
353.832
354.559
355.287
356.014
356.741
357.469
358.196
358.924
359.651
360.379
361.106
361.834
362.561
363.289
364.016
364.743
365.471
366.198
366.926
367.653
368.381
369.108
369.836
370.563
371.291
372.018
372.745
373.473
374.2
374.928
375.655
376.383
377.11
377.838
378.565
379.293
380.02
380.747
381.475
382.202
382.93
383.657
384.385
385.112
385.84
386.567
387.295
388.022
388.75
389.477
390.204
390.932
391.659
392.387
393.114
393.842
394.569
395.297
396.024
396.752
397.479
398.206
398.934
399.661
400.389
401.116
401.844
402.571
403.299
404.026
404.754
405.481
406.208
406.936
407.663
408.391
409.118
409.846
410.573
411.301
412.028
412.756
413.483
414.21
414.938
415.665
416.393
417.12
417.848
418.575
419.303
420.03
420.758
421.485
422.212
422.94
423.667
424.395
425.122
425.85
426.577
427.305
428.032
428.76
429.487
430.214
430.942
431.669
432.397
433.124
433.852
434.579
435.307
436.034
436.762
437.489
438.216
438.944
439.671
440.399
441.126
441.854
442.581
443.309
444.036
444.764
445.491
446.218
446.946
447.673
448.401
449.128
449.856
450.583
451.311
452.038
452.766
453.493
454.22
454.948
455.675
456.403
457.13
457.858
458.585
459.313
460.04
460.768
461.495
462.222
462.95
463.677
464.405
465.132
465.86
466.587
467.315
468.042
468.77
469.497
470.224
470.952
471.679
472.407
473.134
473.862
474.589
475.317
476.044
476.772
477.499
478.226
478.954
479.681
480.409
481.136
481.864
482.591
483.319
484.046
484.774
485.501
486.228
486.956
487.683
488.411
489.138
489.866
490.593
491.321
492.048
492.776
493.503
494.23
494.958
495.685
496.413
497.14
497.868
498.595
499.323
500.05
500.778
501.505
502.232
502.96
503.687
504.415
505.142
505.87
506.597
507.325
508.052
508.78
509.507
510.234
510.962
511.689
512.417
513.144
513.872
514.599
515.327
516.054
516.782
517.509
518.236
518.964
519.691
520.419
521.146
521.874
522.601
523.329
524.056
524.784
525.511
526.238
526.966
527.693
528.421
529.148
529.876
530.603
531.331
532.058
532.786
533.513
534.24
534.968
535.695
536.423
537.15
537.878
538.605
539.333
540.06
540.788
541.515
542.242
542.97
543.697
544.425
545.152
545.88
546.607
547.335
548.062
548.79
549.517
550.244
550.972
551.699
552.427
553.154
553.882
554.609
555.337
556.064
556.792
557.519
558.247
558.974
559.701
560.429
561.156
561.884
562.611
563.339
564.066
564.794
565.521
566.249
566.976
567.703
568.431
569.158
569.886
570.613
571.341
572.068
572.796
573.523
574.251
574.978
575.705
576.433
577.16
577.888
578.615
579.343
580.07
580.798
581.525
582.253
582.98
583.707
584.435
585.162
585.89
586.617
587.345
588.072
588.8
589.527
590.255
590.982
591.709
592.437
593.164
593.892
594.619
595.347
596.074
596.802
597.529
598.257
598.984
599.711
600.439
601.166
601.894
602.621
603.349
604.076
604.804
605.531
606.259
606.986
607.713
608.441
609.168
609.896
610.623
611.351
612.078
612.806
613.533
614.261
614.988
615.715
616.443
617.17
617.898
618.625
619.353
620.08
620.808
621.535
622.263
622.99
623.717
624.445
625.172
625.9
626.627
627.355
628.082
628.81
629.537
630.265
630.992
631.719
632.447
633.174
633.902
634.629
635.357
636.084
636.812
637.539
638.267
638.994
639.721
640.449
641.176
641.904
642.631
643.359
644.086
644.814
645.541
646.269
646.996
647.723
648.451
649.178
649.906
650.633
651.361
652.088
652.816
653.543
654.271
654.998
655.725
656.453
657.18
657.908
658.635
659.363
660.09
660.818
661.545
662.273
663
663.727
664.455
665.182
665.91
666.637
667.365
668.092
668.82
669.547
670.275
671.002
671.729
672.457
673.184
673.912
674.639
675.367
676.094
676.822
677.549
678.277
679.004
679.731
680.459
681.186
681.914
682.641
683.369
684.096
684.824
685.551
686.279
687.006
687.733
688.461
689.188
689.916
690.643
691.371
692.098
692.826
693.553
694.281
695.008
695.735
696.463
697.19
697.918
698.645
699.373
700.1
700.828
701.555
702.283
703.01
703.737
704.465
705.192
705.92
706.647
707.375
708.102
708.83
709.557
710.285
711.012
711.739
712.467
713.194
713.922
714.649
715.377
716.104
716.832
717.559
718.287
719.014
719.741
720.469
721.196
721.924
722.651
723.379
724.106
724.834
725.561
726.289
727.016
727.743
728.471
729.198
729.926
730.653
731.381
732.108
732.836
733.563
734.291
735.018
735.746
736.473
737.2
737.928
738.655
739.383
740.11
740.838
741.565
742.293
743.02
743.748
744.475
745.202
745.93
746.657
747.385
748.112
748.84
749.567
750.295
751.022
751.75
752.477
753.204
753.932
754.659
755.387
756.114
756.842
757.569
758.297
759.024
759.752
760.479
761.206
761.934
762.661
763.389
764.116
764.844
765.571
766.299
767.026
767.754
768.481
769.208
769.936
770.663
771.391
772.118
772.846
773.573
774.301
775.028
775.756
776.483
777.21
777.938
778.665
779.393
780.12
780.848
781.575
782.303
783.03
783.758
784.485
785.212
785.94
786.667
787.395
788.122
788.85
789.577
790.305
791.032
791.76
792.487
793.214
793.942
794.669
795.397
796.124
796.852
797.579
798.307
799.034
799.762
800.489
801.216
801.944
802.671
803.399
804.126
804.854
805.581
806.309
807.036
807.764
808.491
809.218
809.946
810.673
811.401
812.128
812.856
813.583
814.311
815.038
815.766
816.493
817.22
817.948
818.675
819.403
820.13
820.858
821.585
822.313
823.04
823.768
824.495
825.222
825.95
826.677
827.405
828.132
828.86
829.587
830.315
831.042
831.77
832.497
833.224
833.952
834.679
835.407
836.134
836.862
837.589
838.317
839.044
839.772
840.499
841.226
841.954
842.681
843.409
844.136
844.864
845.591
846.319
847.046
847.774
848.501
849.228
849.956
850.683
851.411
852.138
852.866
853.593
854.321
855.048
855.776
856.503
857.23
857.958
858.685
859.413
860.14
860.868
861.595
862.323
863.05
863.778
864.505
865.232
865.96
866.687
867.415
868.142
868.87
869.597
870.325
871.052
871.78
872.507
873.234
873.962
874.689
875.417
876.144
876.872
877.599
878.327
879.054
879.782
880.509
881.236
881.964
882.691
883.419
884.146
884.874
885.601
886.329
887.056
887.784
888.511
889.238
889.966
890.693
891.421
892.148
892.876
893.603
894.331
895.058
895.786
896.513
897.24
897.968
898.695
899.423
900.15
900.878
901.605
902.333
903.06
903.788
904.515
905.243
905.97
906.697
907.425
908.152
908.88
909.607
910.335
911.062
911.79
912.517
913.245
913.972
914.699
915.427
916.154
916.882
917.609
918.337
919.064
919.792
920.519
921.247
921.974
922.701
923.429
924.156
924.884
925.611
926.339
927.066
927.794
928.521
929.249
929.976
930.703
931.431
932.158
932.886
933.613
934.341
935.068
935.796
936.523
937.251
937.978
938.705
939.433
940.16
940.888
941.615
942.343
943.07
943.798
944.525
945.253
945.98
946.707
947.435
948.162
948.89
949.617
950.345
951.072
951.8
952.527
953.255
953.982
954.709
955.437
956.164
956.892
957.619
958.347
959.074
959.802
960.529
961.257
961.984
962.711
963.439
964.166
964.894
965.621
966.349
967.076
967.804
968.531
969.259
969.986
970.713
971.441
972.168
972.896
973.623
974.351
975.078
975.806
976.533
977.261
977.988
978.715
979.443
980.17
980.898
981.625
982.353
983.08
983.808
984.535
985.263
985.99
986.717
987.445
988.172
988.9
989.627
990.355
991.082
991.81
992.537
993.265
993.992
994.719
995.447
996.174
996.902
997.629
998.357
999.084
999.812
1000.54
1001.27
1001.99
1002.72
1003.45
1004.18
1004.9
1005.63
1006.36
1007.09
1007.81
1008.54
1009.27
1010
1010.72
1011.45
1012.18
1012.91
1013.63
1014.36
1015.09
1015.82
1016.54
1017.27
1018
1018.73
1019.45
1020.18
1020.91
1021.64
1022.36
1023.09
1023.82
1024.55
1025.27
1026
1026.73
1027.45
1028.18
1028.91
1029.64
1030.36
1031.09
1031.82
1032.55
1033.27
1034
1034.73
1035.46
1036.18
1036.91
1037.64
1038.37
1039.09
1039.82
1040.55
1041.28
1042
1042.73
1043.46
1044.19
1044.91
1045.64
1046.37
1047.1
1047.82
1048.55
1049.28
1050.01
1050.73
1051.46
1052.19
1052.92
1053.64
1054.37
1055.1
1055.83
1056.55
1057.28
1058.01
1058.74
1059.46
1060.19
1060.92
1061.65
1062.37
1063.1
1063.83
1064.56
1065.28
1066.01
1066.74
1067.46
1068.19
1068.92
1069.65
1070.37
1071.1
1071.83
1072.56
1073.28
1074.01
1074.74
1075.47
1076.19
1076.92
1077.65
1078.38
1079.1
1079.83
1080.56
1081.29
1082.01
1082.74
1083.47
1084.2
1084.92
1085.65
1086.38
1087.11
1087.83
1088.56
1089.29
1090.02
1090.74
1091.47
1092.2
1092.93
1093.65
1094.38
1095.11
1095.84
1096.56
1097.29
1098.02
1098.75
