300 0
300.727 0
301.455 0
302.182 0
302.91 0
303.637 0
304.365 0
305.092 0
305.82 0
306.547 0
307.275 0
308.002 0
308.729 0
309.457 0
310.184 0
310.912 0
311.639 0
312.367 0
313.094 0
313.822 0
314.549 0
315.277 0
316.004 0
316.731 0
317.459 0
318.186 0
318.914 0
319.641 0
320.369 0
321.096 0
321.824 0
322.551 0
323.279 0
324.006 0
324.733 0
325.461 0
326.188 0
326.916 0
327.643 0
328.371 0
329.098 0
329.826 0
330.553 0
331.281 0
332.008 0
332.735 0
333.463 0
334.19 0
334.918 0
335.645 0
336.373 0
337.1 0
337.828 0
338.555 0
339.283 0
340.01 0
340.737 0
341.465 0
342.192 0
342.92 0
343.647 0
344.375 0
345.102 0
345.83 0
346.557 0
347.285 0
348.012 0
348.739 0
349.467 0
350.194 0
350.922 0
351.649 0
352.377 0
353.104 0
353.832 0
354.559 0
355.287 0
356.014 0
356.741 0
357.469 0
358.196 0
358.924 0
359.651 0
360.379 0
361.106 0
361.834 0
362.561 0
363.289 0
364.016 0
364.743 0
365.471 0
366.198 0
366.926 0
367.653 0
368.381 0
369.108 0
369.836 0
370.563 0
371.291 0
372.018 0
372.745 0
373.473 0
374.2 0
374.928 0
375.655 0
376.383 0
377.11 0
377.838 0
378.565 0
379.293 0
380.02 0
380.747 0
381.475 0
382.202 0
382.93 0
383.657 0
384.385 0
385.112 0
385.84 0
386.567 0
387.295 0
388.022 0
388.75 0
389.477 0
390.204 0
390.932 0
391.659 0
392.387 0
393.114 0
393.842 0
394.569 0
395.297 0
396.024 0
396.752 0
397.479 0
398.206 0
398.934 0
399.661 0
400.389 2.2955e-06
401.116 6.78721e-06
401.844 1.15375e-05
402.571 1.65495e-05
403.299 2.18263e-05
404.026 2.73709e-05
404.754 3.31863e-05
405.481 3.92612e-05
406.208 4.55995e-05
406.936 5.22121e-05
407.663 5.90985e-05
408.391 6.62618e-05
409.118 7.37054e-05
409.846 8.14319e-05
410.573 8.94268e-05
411.301 9.77018e-05
412.028 0.000106264
412.756 0.000115115
413.483 0.000124256
414.21 0.000133686
414.938 0.000143414
415.665 0.000153331
416.393 0.000163528
417.12 0.000174013
417.848 0.000184786
418.575 0.00019585
419.303 0.000207207
420.03 0.000218851
420.758 0.000230639
421.485 0.000242705
422.212 0.000255049
422.94 0.000267672
423.667 0.000280575
424.395 0.00029376
425.122 0.000307255
425.85 0.000321171
426.577 0.000335393
427.305 0.000349919
428.032 0.000364753
428.76 0.000379888
429.487 0.000395326
430.214 0.000411037
430.942 0.000426973
431.669 0.000443192
432.397 0.000459704
433.124 0.000476534
433.852 0.000493677
434.579 0.000511129
435.307 0.00052854
436.034 0.00054574
436.762 0.000563183
437.489 0.000580865
438.216 0.000598784
438.944 0.000616938
439.671 0.000635312
440.399 0.000653859
441.126 0.000672606
441.854 0.000691564
442.581 0.000710682
443.309 0.000730219
444.036 0.000749982
444.764 0.000769948
445.491 0.000790523
446.218 0.000811518
446.946 0.000832864
447.673 0.000854446
448.401 0.00087631
449.128 0.000898409
449.856 0.000920746
450.583 0.000943159
451.311 0.000965775
452.038 0.000988676
452.766 0.0010118
453.493 0.00103518
454.22 0.00105878
454.948 0.0010826
455.675 0.00110613
456.403 0.00112978
457.13 0.00115362
457.858 0.00117762
458.585 0.00120184
459.313 0.00122626
460.04 0.00125092
460.768 0.00127609
461.495 0.00130155
462.222 0.00132726
462.95 0.00135328
463.677 0.00137965
464.405 0.00140622
465.132 0.00143291
465.86 0.00145906
466.587 0.00148524
467.315 0.0015115
468.042 0.00153789
468.77 0.00156439
469.497 0.00159094
470.224 0.00161776
470.952 0.00164465
471.679 0.00167173
472.407 0.00169889
473.134 0.00172616
473.862 0.00175345
474.589 0.0017805
475.317 0.00180762
476.044 0.00183522
476.772 0.00186338
477.499 0.00189287
478.226 0.00192354
478.954 0.00195502
479.681 0.00198675
480.409 0.00201923
481.136 0.00205212
481.864 0.00208515
482.591 0.00211843
483.319 0.0021519
484.046 0.0021857
484.774 0.00221963
485.501 0.00225316
486.228 0.00228681
486.956 0.00232029
487.683 0.00235391
488.411 0.00238747
489.138 0.00242099
489.866 0.0024547
490.593 0.0024882
491.321 0.00252188
492.048 0.00255582
492.776 0.00258998
493.503 0.00262419
494.23 0.00265861
494.958 0.00269315
495.685 0.00272757
496.413 0.00276195
497.14 0.00279643
497.868 0.00283084
498.595 0.00286513
499.323 0.00289938
500.05 0.00293178
500.778 0.00293956
501.505 0.00272399
502.232 0.00240869
502.96 0.00209135
503.687 0.00177144
504.415 0.00151407
505.142 0.00128121
505.87 0.000958235
506.597 0.000723504
507.325 0.000555527
508.052 0.000455143
508.78 0.000457062
509.507 0.000613954
510.234 0.000839796
510.962 0.00106718
511.689 0.00140274
512.417 0.00174634
513.144 0.00211472
513.872 0.00257667
514.599 0.00294764
515.327 0.00324911
516.054 0.00348903
516.782 0.00373057
517.509 0.00397395
518.236 0.00421876
518.964 0.00446489
519.691 0.00460111
520.419 0.00493371
521.146 0.0052516
521.874 0.00491324
522.601 0.00467001
523.329 0.00439207
524.056 0.00405633
524.784 0.00382836
525.511 0.0036839
526.238 0.00361359
526.966 0.00362279
527.693 0.00386163
528.421 0.00418243
529.148 0.00455579
529.876 0.00493161
530.603 0.00530945
531.331 0.0057452
532.058 0.00623116
532.786 0.00649494
533.513 0.00676142
534.24 0.00694885
534.968 0.00697223
535.695 0.00699832
536.423 0.00695114
537.15 0.00682459
537.878 0.0065975
538.605 0.00647203
539.333 0.00636646
540.06 0.00624898
540.788 0.00601451
541.515 0.00614046
542.242 0.00662977
542.97 0.00755192
543.697 0.0100815
544.425 0.0151929
545.152 0.0239866
545.88 0.039926
546.607 0.0701257
547.335 0.116424
548.062 0.181895
548.79 0.28554
549.517 0.427375
550.244 0.605692
550.972 0.824694
551.699 1.10795
552.427 1.4348
553.154 1.80546
553.882 2.23135
554.609 2.71629
555.337 3.2453
556.064 3.81809
556.792 4.45001
557.519 5.11914
558.247 5.81303
558.974 6.5256
559.701 7.2337
560.429 7.92217
561.156 8.58385
561.884 9.19612
562.611 9.74618
563.339 10.2526
564.066 10.7181
564.794 11.1412
565.521 11.5538
566.249 11.9675
566.976 12.3901
567.703 12.8377
568.431 13.2906
569.158 13.7475
569.886 14.2113
570.613 14.65
571.341 15.0381
572.068 15.3732
572.796 15.6459
573.523 15.8663
574.251 16.0336
574.978 16.1705
575.705 16.2811
576.433 16.4004
577.16 16.5311
577.888 16.7005
578.615 16.9075
579.343 17.145
580.07 17.4082
580.798 17.6739
581.525 17.9202
582.253 18.1385
582.98 18.3196
583.707 18.436
584.435 18.5118
585.162 18.5533
585.89 18.5634
586.617 18.558
587.345 18.556
588.072 18.5368
588.8 18.5268
589.527 18.6178
590.255 18.7107
590.982 18.91
591.709 19.0561
592.437 19.1992
593.164 19.4334
593.892 19.596
594.619 19.5761
595.347 19.7513
596.074 19.7935
596.802 19.8002
597.529 19.7934
598.257 19.7924
598.984 19.7584
599.711 19.7627
600.439 19.7731
601.166 19.8067
601.894 19.862
602.621 19.9537
603.349 20.0588
604.076 20.1773
604.804 20.2983
605.531 20.4083
606.259 20.5047
606.986 20.5846
607.713 20.6372
608.441 20.6717
609.168 20.6916
609.896 20.6995
610.623 20.701
611.351 20.7049
612.078 20.7137
612.806 20.7403
613.533 20.7786
614.261 20.8284
614.988 20.8889
615.715 20.9529
616.443 21.0164
617.17 21.077
617.898 21.1286
618.625 21.1638
619.353 21.188
620.08 21.2006
620.808 21.2005
621.535 21.1938
622.263 21.1829
622.99 21.1724
623.717 21.1704
624.445 21.1763
625.172 21.19
625.9 21.2093
626.627 21.2344
627.355 21.2683
628.082 20.5103
628.81 21.2059
629.537 21.0751
630.265 21.1906
630.992 21.3041
631.719 21.4045
632.447 21.4348
633.174 21.4627
633.902 21.4619
634.629 21.4482
635.357 21.4479
636.084 21.4436
636.812 21.4526
637.539 21.4662
638.267 21.4952
638.994 21.5306
639.721 21.5771
640.449 21.6231
641.176 21.6646
641.904 21.7037
642.631 21.7358
643.359 21.7555
644.086 21.7717
644.814 21.7636
645.541 21.7561
646.269 21.7125
646.996 21.6884
647.723 21.6035
648.451 21.5973
649.178 21.6137
649.906 21.6688
650.633 21.706
651.361 21.6686
652.088 21.6419
652.816 21.767
653.543 21.7753
654.271 21.8086
654.998 21.8362
655.725 21.8101
656.453 21.823
657.18 21.7991
657.908 21.7481
658.635 21.6901
659.363 21.6285
660.09 21.5347
660.818 21.4501
661.545 21.3607
662.273 21.2847
663 21.2189
663.727 21.1861
664.455 21.1731
665.182 21.1869
665.91 21.2317
666.637 21.3016
667.365 21.3861
668.092 21.481
668.82 21.5793
669.547 21.6722
670.275 21.7543
671.002 21.8231
671.729 21.8587
672.457 21.87
673.184 21.8573
673.912 21.8157
674.639 21.7481
675.367 21.6704
676.094 21.5855
676.822 21.4985
677.549 21.417
678.277 21.3464
679.004 21.2906
679.731 21.2668
680.459 21.2621
681.186 21.2785
681.914 21.3209
682.641 21.3889
683.369 21.4713
684.096 21.5619
684.824 21.6604
685.551 21.7403
686.279 21.8025
687.006 16.8219
687.733 17.2926
688.461 20.4328
689.188 18.57
689.916 19.4477
690.643 20.3691
691.371 20.0114
692.098 20.8507
692.826 20.5256
693.553 20.882
694.281 20.5812
695.008 20.6909
695.735 20.6435
696.463 20.6393
697.19 20.7652
697.918 20.7686
698.645 20.7294
699.373 20.6843
700.1 20.8717
700.828 20.9143
701.555 20.984
702.283 21.1274
703.01 21.1688
703.737 21.3157
704.465 21.2933
705.192 21.2642
705.92 21.2865
706.647 21.2145
707.375 21.1554
708.102 21.0174
708.83 20.9058
709.557 20.7715
710.285 20.6152
711.012 20.4781
711.739 20.3628
712.467 20.2631
713.194 20.1584
713.922 20.0985
714.649 20.0515
715.377 20.0559
716.104 20.0551
716.832 19.828
717.559 19.4238
718.287 19.35
719.014 18.8915
719.741 19.5647
720.469 19.4203
721.196 20.1811
721.924 20.5642
722.651 20.4295
723.379 19.8168
724.106 19.9713
724.834 19.9077
725.561 19.742
726.289 19.9417
727.016 19.7022
727.743 19.0687
728.471 19.8909
729.198 19.0715
729.926 19.4608
730.653 19.1584
731.381 19.1403
732.108 19.1067
732.836 19.3178
733.563 19.2183
734.291 19.3689
735.018 19.3092
735.746 19.4032
736.473 19.3921
737.2 19.475
737.928 19.5775
738.655 19.5894
739.383 19.642
740.11 19.7053
740.838 19.8561
741.565 19.8605
742.293 19.8568
743.02 19.8061
743.748 19.7391
744.475 19.6378
745.202 19.5265
745.93 19.3893
746.657 19.245
747.385 19.0962
748.112 18.948
748.84 18.8096
749.567 18.6826
750.295 18.5692
751.022 18.4713
751.75 18.3994
752.477 18.3451
753.204 18.3074
753.932 18.2893
754.659 18.2909
755.387 18.3119
756.114 18.3507
756.842 18.4005
757.569 18.4537
758.297 18.5078
759.024 18.5342
759.752 10.2648
760.479 5.30964
761.206 5.98602
761.934 14.4897
762.661 9.94217
763.389 10.177
764.116 11.1559
764.844 12.4394
765.571 14.3124
766.299 16.2056
767.026 15.766
767.754 17.436
768.481 17.7518
769.208 17.8529
769.936 17.938
770.663 17.9807
771.391 17.9677
772.118 17.9224
772.846 17.8989
773.573 17.8837
774.301 17.8802
775.028 17.8837
775.756 17.8935
776.483 17.9067
777.21 17.9237
777.938 17.9443
778.665 17.9643
779.393 17.9793
780.12 17.9886
780.848 17.9819
781.575 17.9666
782.303 17.9444
783.03 17.918
783.758 17.8778
784.485 17.8262
785.212 17.773
785.94 17.7107
786.667 17.6211
787.395 17.557
788.122 17.4659
788.85 17.3916
789.577 17.2276
790.305 17.2072
791.032 17.1391
791.76 17.0967
792.487 17.0046
793.214 16.9467
793.942 16.9636
794.669 16.8949
795.397 16.8565
796.124 16.7343
796.852 16.728
797.579 16.7762
798.307 16.7719
799.034 16.793
799.762 16.7894
800.489 16.7866
801.216 16.7348
801.944 16.8238
802.671 16.7989
803.399 16.8055
804.126 16.8196
804.854 16.7883
805.581 16.8127
806.309 16.7718
807.036 16.7272
807.764 16.6906
808.491 16.5955
809.218 16.5666
809.946 16.4557
810.673 16.3892
811.401 16.2673
812.128 16.2284
812.856 16.1716
813.583 15.6536
814.311 15.7309
815.038 15.5815
815.766 15.2847
816.493 14.7878
817.22 15.3183
817.948 14.9859
818.675 15.4235
819.403 15.1039
820.13 15.1841
820.858 15.8397
821.585 15.7093
822.313 15.372
823.04 13.6589
823.768 15.4057
824.495 15.4138
825.222 15.7099
825.95 15.2756
826.677 15.6662
827.405 15.2545
828.132 15.0299
828.86 15.2082
829.587 15.3677
830.315 15.4093
831.042 15.3545
831.77 15.2121
832.497 15.1866
833.224 15.3169
833.952 15.1999
834.679 15.3532
835.407 15.2147
836.134 15.1246
836.862 15.1726
837.589 15.0705
838.317 15.0897
839.044 15.0135
839.772 14.9766
840.499 14.9402
841.226 14.9052
841.954 14.8768
842.681 14.903
843.409 14.8736
844.136 14.8523
844.864 14.882
845.591 14.8702
846.319 14.8566
847.046 14.8744
847.774 14.8277
848.501 14.7852
849.228 14.7363
849.956 14.6944
850.683 14.6
851.411 14.5161
852.138 14.4799
852.866 14.4416
853.593 14.393
854.321 14.3448
855.048 14.3096
855.776 14.2777
856.503 14.2621
857.23 14.2284
857.958 14.2105
858.685 14.1853
859.413 14.1568
860.14 14.1354
860.868 14.1053
861.595 14.0761
862.323 14.0459
863.05 14.0143
863.778 13.986
864.505 13.956
865.232 13.9209
865.96 13.8767
866.687 13.8341
867.415 13.7907
868.142 13.748
868.87 13.7044
869.597 13.6618
870.325 13.6191
871.052 13.5752
871.78 13.5324
872.507 13.4895
873.234 13.4464
873.962 13.4024
874.689 13.3592
875.417 13.3177
876.144 13.2773
876.872 13.2384
877.599 13.1985
878.327 13.1558
879.054 13.1163
879.782 13.0767
880.509 13.0206
881.236 12.9667
881.964 12.9084
882.691 12.8599
883.419 12.8003
884.146 12.7453
884.874 12.6927
885.601 12.6333
886.329 12.5592
887.056 12.5153
887.784 12.4676
888.511 12.3854
889.238 12.3578
889.966 12.2751
890.693 12.2355
891.421 12.1835
892.148 12.0893
892.876 12.0078
893.603 11.8904
894.331 11.8426
895.058 11.688
895.786 11.3545
896.513 11.0571
897.24 11.1124
897.968 10.9486
898.695 10.7432
899.423 10.2878
900.15 10.8208
900.878 10.5972
901.605 10.2977
902.333 10.8544
903.06 10.5268
903.788 11.197
904.515 10.9267
905.243 10.8051
905.97 10.8656
906.697 10.6703
907.425 9.77985
908.152 10.1008
908.88 10.0829
909.607 10.2385
910.335 10.0011
911.062 9.86244
911.79 9.84019
912.517 10.2084
913.245 9.5242
913.972 9.32751
914.699 10.0129
915.427 9.32631
916.154 9.30657
916.882 9.7156
917.609 8.94968
918.337 9.55448
919.064 9.53706
919.792 9.29901
920.519 9.58495
921.247 9.39204
921.974 9.17006
922.701 9.28336
923.429 9.11756
924.156 9.05655
924.884 8.88815
925.611 8.91011
926.339 8.77272
927.066 8.84494
927.794 8.33035
928.521 8.15929
929.249 8.07203
929.976 7.43649
930.703 7.3318
931.431 6.77523
932.158 5.82551
932.886 5.65193
933.613 5.57725
934.341 4.41947
935.068 6.31909
935.796 4.04898
936.523 6.4021
937.251 4.74544
937.978 5.67937
938.705 5.07749
939.433 6.99023
940.16 6.28785
940.888 6.43457
941.615 6.06235
942.343 5.87135
943.07 4.33167
943.798 5.79094
944.525 4.26294
945.253 6.12721
945.98 4.3615
946.707 5.26237
947.435 5.01147
948.162 4.34495
948.89 5.65705
949.617 4.66396
950.345 3.96148
951.072 5.43486
951.8 4.60541
952.527 4.03611
953.255 4.58602
953.982 4.58015
954.709 4.00668
955.437 4.15654
956.164 4.14033
956.892 3.64265
957.619 4.24242
958.347 3.77268
959.074 3.54852
959.802 3.51932
960.529 3.59533
961.257 3.68275
961.984 3.35999
962.711 3.08629
963.439 3.45443
964.166 2.92386
964.894 2.88544
965.621 2.99402
966.349 2.68135
967.076 2.63097
967.804 2.75655
968.531 2.47759
969.259 2.46013
969.986 2.34482
970.713 2.19643
971.441 2.07469
972.168 2.01516
972.896 1.85291
973.623 1.7004
974.351 1.62568
975.078 1.55815
975.806 1.41399
976.533 1.36042
977.261 1.33939
977.988 1.21406
978.715 1.12554
979.443 1.0376
980.17 0.979553
980.898 0.937671
981.625 0.870084
982.353 0.808786
983.08 0.736215
983.808 0.689572
984.535 0.633623
985.263 0.580949
985.99 0.53937
986.717 0.493604
987.445 0.447897
988.172 0.410713
988.9 0.373408
989.627 0.338019
990.355 0.304572
991.082 0.274875
991.81 0.247059
992.537 0.220822
993.265 0.196367
993.992 0.174683
994.719 0.154617
995.447 0.13615
996.174 0.119209
996.902 0.103857
997.629 0.0901397
998.357 0.0776762
999.084 0.066403
999.812 0.0564412
1000.54 0.0480069
1001.27 0.0405131
1001.99 0.0337525
1002.72 0.0282608
1003.45 0.0234401
1004.18 0.0191817
1004.9 0.0156937
1005.63 0.0128144
1006.36 0.0104079
1007.09 0.00841366
1007.81 0.00684456
1008.54 0.00561475
1009.27 0.00459311
1010 0.00379243
1010.72 0.00321538
1011.45 0.00275047
1012.18 0.00237401
1012.91 0.00206643
1013.63 0.00184268
1014.36 0.00166608
1015.09 0.00152964
1015.82 0.00141389
1016.54 0.00131725
1017.27 0.00122708
1018 0.00114171
1018.73 0.00105855
1019.45 0.000995582
1020.18 0.000949454
1020.91 0.00090525
1021.64 0.000873064
1022.36 0.000841367
1023.09 0.000806209
1023.82 0.000776727
1024.55 0.000751162
1025.27 0.000728167
1026 0.000712494
1026.73 0.000674769
1027.45 0.000640222
1028.18 0.000612921
1028.91 0.000592599
1029.64 0.000564398
1030.36 0.000540136
1031.09 0.000519758
1031.82 0.000491627
1032.55 0.0004677
1033.27 0.000446566
1034 0.00042832
1034.73 0.000410072
1035.46 0.000391876
1036.18 0.000374569
1036.91 0.000359665
1037.64 0.000339097
1038.37 0.000318152
1039.09 0.00029716
1039.82 0.000274349
1040.55 0.000264635
1041.28 0.000259971
1042 0.00025676
1042.73 0.000246379
1043.46 0.000237677
1044.19 0.000231135
1044.91 0.00022795
1045.64 0.000222765
1046.37 0.000218428
1047.1 0.000214253
1047.82 0.000204832
1048.55 0.000197107
1049.28 0.000191289
1050.01 0.000187955
1050.73 0.000180114
1051.46 0.000172306
1052.19 0.000164698
1052.92 0.000157273
1053.64 0.000150011
1054.37 0.000142911
1055.1 0.000135963
1055.83 0.00012917
1056.55 0.000122547
1057.28 0.00011608
1058.01 0.000109787
1058.74 0.000103659
1059.46 9.77314e-05
1060.19 9.25158e-05
1060.92 8.89805e-05
1061.65 8.55374e-05
1062.37 8.21215e-05
1063.1 7.87963e-05
1063.83 7.55607e-05
1064.56 7.23533e-05
1065.28 6.93043e-05
1066.01 6.63008e-05
1066.74 6.33904e-05
1067.46 6.05624e-05
1068.19 5.77933e-05
1068.92 5.52085e-05
1069.65 5.25591e-05
1070.37 5.00604e-05
1071.1 4.76382e-05
1071.83 4.51877e-05
1072.56 4.28154e-05
1073.28 4.05749e-05
1074.01 3.83764e-05
1074.74 3.60103e-05
1075.47 3.41068e-05
1076.19 3.20552e-05
1076.92 3.00897e-05
1077.65 2.79895e-05
1078.38 2.63041e-05
1079.1 2.45693e-05
1079.83 2.28123e-05
1080.56 2.13221e-05
1081.29 2.01591e-05
1082.01 1.90657e-05
1082.74 1.79408e-05
1083.47 1.6635e-05
1084.2 1.56913e-05
1084.92 1.46346e-05
1085.65 1.36158e-05
1086.38 1.235e-05
1087.11 1.16502e-05
1087.83 1.07671e-05
1088.56 9.87347e-06
1089.29 8.93598e-06
1090.02 8.17463e-06
1090.74 7.29989e-06
1091.47 6.64435e-06
1092.2 5.90451e-06
1092.93 5.03608e-06
1093.65 4.5117e-06
1094.38 3.87581e-06
1095.11 3.24286e-06
1095.84 2.65914e-06
1096.56 2.15203e-06
1097.29 1.6466e-06
1098.02 1.14387e-06
1098.75 7.0341e-07
