350 0
350.273 0
350.545 0
350.818 0
351.09 0
351.363 0
351.636 0
351.908 1.84757e-13
352.181 0
352.453 0
352.726 6.46648e-13
352.999 0
353.271 4.2494e-12
353.544 0
353.817 4.13208e-10
354.089 5.59616e-08
354.362 1.96563e-06
354.634 2.16718e-05
354.907 0.000103339
355.18 0.000293102
355.452 0.000612534
355.725 0.00107774
355.997 0.0016614
356.27 0.00224774
356.543 0.00276152
356.815 0.00322215
357.088 0.00364557
357.36 0.00406078
357.633 0.00455911
357.906 0.00520142
358.178 0.00595861
358.451 0.006829
358.723 0.00782347
358.996 0.00892649
359.269 0.0100943
359.541 0.0113171
359.814 0.01258
360.087 0.0138616
360.359 0.0151553
360.632 0.0165126
360.904 0.0182236
361.177 0.0205673
361.45 0.0230843
361.722 0.025347
361.995 0.0272735
362.267 0.0287859
362.54 0.0297395
362.813 0.0306687
363.085 0.0319944
363.358 0.0334415
363.63 0.0346037
363.903 0.0351486
364.176 0.0350663
364.448 0.0344836
364.721 0.0336894
364.993 0.0329596
365.266 0.0325415
365.539 0.0323795
365.811 0.0323919
366.084 0.032623
366.357 0.0329425
366.629 0.0332602
366.902 0.0335181
367.174 0.0336552
367.447 0.0336005
367.72 0.0334597
367.992 0.0333341
368.265 0.0333197
368.537 0.0334724
368.81 0.0338783
369.083 0.0346733
369.355 0.0359531
369.628 0.0371085
369.9 0.0373883
370.173 0.0366543
370.446 0.0348567
370.718 0.0318598
370.991 0.0282094
371.263 0.0246959
371.536 0.0216501
371.809 0.0191809
372.081 0.017341
372.354 0.0162257
372.627 0.0158644
372.899 0.0160987
373.172 0.0167217
373.444 0.0175984
373.717 0.0182227
373.99 0.0185919
374.262 0.0186956
374.535 0.018376
374.807 0.0178057
375.08 0.0175965
375.353 0.0175384
375.625 0.0175231
375.898 0.0177715
376.17 0.0181547
376.443 0.018521
376.716 0.0192305
376.988 0.0203839
377.261 0.0214294
377.533 0.0222848
377.806 0.0231235
378.079 0.0236593
378.351 0.0236294
378.624 0.02357
378.897 0.0235671
379.169 0.0234939
379.442 0.0232649
379.714 0.0229858
379.987 0.0225212
380.26 0.0219084
380.532 0.021157
380.805 0.0205363
381.077 0.0201495
381.35 0.0197687
381.623 0.0193755
381.895 0.0189565
382.168 0.0184119
382.44 0.0180036
382.713 0.0181579
382.986 0.0184198
383.258 0.0185492
383.531 0.0185426
383.803 0.0184906
384.076 0.018304
384.349 0.0182014
384.621 0.0182424
384.894 0.0183426
385.167 0.0182635
385.439 0.0179229
385.712 0.017641
385.984 0.0176003
386.257 0.0177676
386.53 0.0180505
386.802 0.0185284
387.075 0.0191073
387.347 0.0196372
387.62 0.0202254
387.893 0.0209244
388.165 0.0218031
388.438 0.0229253
388.71 0.0239727
388.983 0.0249417
389.256 0.0258996
389.528 0.0267231
389.801 0.0275728
390.074 0.0292615
390.346 0.0315043
390.619 0.0334769
390.891 0.034974
391.164 0.0358203
391.437 0.0355236
391.709 0.0344132
391.982 0.0331939
392.254 0.0319412
392.527 0.0305246
392.8 0.0291107
393.072 0.0276782
393.345 0.0267342
393.617 0.0268685
393.89 0.0279481
394.163 0.0295035
394.435 0.0315612
394.708 0.033548
394.98 0.0346033
395.253 0.0348578
395.526 0.0345824
395.798 0.0336038
396.071 0.0321063
396.344 0.030751
396.616 0.0298371
396.889 0.0295717
397.161 0.0301063
397.434 0.0316967
397.707 0.0340409
397.979 0.0366203
398.252 0.0392972
398.524 0.0422546
398.797 0.044886
399.07 0.0471169
399.342 0.0493057
399.615 0.0513532
399.887 0.0528139
400.16 0.0545272
400.433 0.0571266
400.705 0.059528
400.978 0.0615113
401.25 0.0634614
401.523 0.0647514
401.796 0.0649992
402.068 0.0652921
402.341 0.0659011
402.614 0.0665027
402.886 0.0671104
403.159 0.0676603
403.431 0.0681896
403.704 0.0690734
403.977 0.0708389
404.249 0.0730509
404.522 0.074961
404.794 0.0759842
405.067 0.0763432
405.34 0.0757531
405.612 0.0746155
405.885 0.0740229
406.157 0.0744806
406.43 0.074686
406.703 0.0742046
406.975 0.0738064
407.248 0.0739053
407.52 0.0747633
407.793 0.0766589
408.066 0.0792045
408.338 0.0818991
408.611 0.0840971
408.884 0.0854494
409.156 0.0863354
409.429 0.0874902
409.701 0.0882615
409.974 0.0888266
410.247 0.0898397
410.519 0.0910717
410.792 0.0925459
411.064 0.0950558
411.337 0.0979004
411.61 0.100742
411.882 0.103977
412.155 0.107451
412.427 0.110627
412.7 0.113792
412.973 0.116966
413.245 0.120219
413.518 0.123168
413.79 0.12561
414.063 0.128103
414.336 0.130193
414.608 0.132017
414.881 0.135301
415.154 0.141452
415.426 0.148804
415.699 0.157488
415.971 0.167437
416.244 0.175738
416.517 0.181446
416.789 0.185022
417.062 0.185945
417.334 0.184606
417.607 0.182324
417.88 0.180601
418.152 0.180652
418.425 0.181464
418.697 0.182016
418.97 0.183688
419.243 0.184899
419.515 0.186406
419.788 0.191401
420.06 0.200428
420.333 0.212325
420.606 0.225436
420.878 0.239358
421.151 0.253073
421.424 0.264178
421.696 0.271736
421.969 0.278192
422.241 0.283343
422.514 0.285338
422.787 0.287405
423.059 0.291388
423.332 0.294765
423.604 0.297001
423.877 0.30079
424.15 0.306275
424.422 0.311666
424.695 0.31697
424.967 0.32053
425.24 0.320934
425.513 0.318415
425.785 0.31466
426.058 0.311308
426.33 0.309609
426.603 0.309644
426.876 0.310247
427.148 0.310593
427.421 0.311287
427.694 0.312911
427.966 0.315692
428.239 0.317575
428.511 0.318529
428.784 0.318902
429.057 0.318276
429.329 0.316088
429.602 0.312853
429.874 0.309513
430.147 0.306154
430.42 0.306101
430.692 0.312503
430.965 0.326031
431.237 0.342831
431.51 0.359567
431.783 0.372202
432.055 0.377258
432.328 0.376331
432.6 0.373663
432.873 0.371922
433.146 0.371846
433.418 0.374603
433.691 0.379341
433.964 0.382407
434.236 0.383925
434.509 0.385189
434.781 0.385845
435.054 0.386116
435.327 0.388926
435.599 0.393935
435.872 0.399798
436.144 0.406533
436.417 0.41318
436.69 0.416354
436.962 0.415957
437.235 0.412833
437.507 0.406928
437.78 0.399134
438.053 0.392046
438.325 0.386736
438.598 0.383752
438.87 0.382452
439.143 0.382329
439.416 0.384839
439.688 0.390064
439.961 0.396127
440.234 0.406138
440.506 0.418959
440.779 0.430884
441.051 0.438158
441.324 0.442511
441.597 0.442299
441.869 0.438539
442.142 0.434339
442.414 0.431806
442.687 0.430563
442.96 0.430712
443.232 0.432429
443.505 0.435154
443.777 0.441547
444.05 0.452186
444.323 0.463576
444.595 0.474081
444.868 0.485041
445.14 0.496348
445.413 0.508127
445.686 0.525072
445.958 0.552285
446.231 0.588061
446.504 0.629683
446.776 0.678075
447.049 0.731661
447.321 0.785495
447.594 0.845785
447.867 0.921584
448.139 1.01389
448.412 1.12038
448.684 1.24394
448.957 1.38097
449.23 1.52726
449.502 1.69318
449.775 1.90127
450.047 2.16246
450.32 2.47442
450.593 2.82367
450.865 3.19616
451.138 3.57354
451.41 3.95781
451.683 4.38467
451.956 4.88925
452.228 5.49285
452.501 6.21092
452.774 7.02838
453.046 7.9295
453.319 8.91324
453.591 9.99255
453.864 11.19
454.137 12.471
454.409 13.8407
454.682 15.4043
454.954 17.1632
455.227 18.8776
455.5 20.6697
455.772 22.7334
456.045 25.0338
456.317 27.4863
456.59 30.2288
456.863 33.2083
457.135 36.2853
457.408 39.5407
457.68 43.2453
457.953 47.4866
458.226 51.9914
458.498 56.436
458.771 60.6652
459.044 64.691
459.316 68.6622
459.589 72.9818
459.861 78.0467
460.134 83.8956
460.407 90.3029
460.679 97.1003
460.952 104.145
461.224 111.345
461.497 118.803
461.77 126.73
462.042 135.182
462.315 144.052
462.587 153.21
462.86 162.473
463.133 171.622
463.405 180.68
463.678 189.933
463.95 199.632
464.223 209.985
464.496 221.158
464.768 233.134
465.041 245.707
465.314 259.177
465.586 273.965
465.859 288.59
466.131 302.835
466.404 319.206
466.677 337.342
466.949 355.18
467.222 373.795
467.494 392.77
467.767 410.514
468.04 424.533
468.312 436.929
468.585 449.452
468.857 462.865
469.13 476.063
469.403 491.122
469.675 507.364
469.948 523.591
470.221 540.473
470.493 559.627
470.766 581.81
471.038 605.487
471.311 630.775
471.584 657.324
471.856 681.89
472.129 703.968
472.401 725.521
472.674 746.089
472.947 765.302
473.219 785.458
473.492 807.112
473.764 830.09
474.037 854.249
474.31 878.927
474.582 903.299
474.855 926.727
475.127 948.872
475.4 969.714
475.673 989.68
475.945 1009.46
476.218 1030.18
476.491 1053.04
476.763 1078.65
477.036 1106.63
477.308 1135.36
477.581 1162.93
477.854 1188.13
478.126 1211.15
478.399 1233.54
478.671 1257.11
478.944 1282.62
479.217 1309.49
479.489 1336.28
479.762 1361.47
480.034 1384.8
480.307 1407.6
480.58 1433.26
480.852 1463.31
481.125 1494.45
481.397 1531.69
481.67 1574.67
481.943 1608.07
482.215 1631.3
482.488 1655.57
482.761 1667.04
483.033 1665.98
483.306 1669.76
483.578 1682.04
483.851 1696.06
484.124 1713.8
484.396 1734.27
484.669 1747.09
484.941 1749.33
485.214 1743.4
485.487 1739.58
485.759 1738.18
486.032 1736.16
486.304 1738.13
486.577 1748.31
486.85 1764.47
487.122 1785.5
487.395 1819.06
487.667 1862.44
487.94 1908.56
488.213 1946.28
488.485 1976.48
488.758 2003.56
489.031 2025.41
489.303 2041.76
489.576 2062.98
489.848 2093.5
490.121 2129.66
490.394 2156.84
490.666 2175
490.939 2185.26
491.211 2187.78
491.484 2186.01
491.757 2187.77
492.029 2193.48
492.302 2204.48
492.574 2220.78
492.847 2242.92
493.12 2276.48
493.392 2322.35
493.665 2359.91
493.937 2387.03
494.21 2407.42
494.483 2420.55
494.755 2425.81
495.028 2443.48
495.301 2456.73
495.573 2463.86
495.846 2477.01
496.118 2492.54
496.391 2498.81
496.664 2511.32
496.936 2528.44
497.209 2539.63
497.481 2541.99
497.754 2539.33
498.027 2533.67
498.299 2527.13
498.572 2524.21
498.844 2533.18
499.117 2553.28
499.39 2573.12
499.662 2587.69
499.935 2594.19
500.207 2587.84
500.48 2575.62
500.753 2567.38
501.025 2563.14
501.298 2562.81
501.571 2570.27
501.843 2584.63
502.116 2603.62
502.388 2625.31
502.661 2647.2
502.934 2667.12
503.206 2683.32
503.479 2694.8
503.751 2701.86
504.024 2706.34
504.297 2712.23
504.569 2723.21
504.842 2741.08
505.114 2764.65
505.387 2789.54
505.66 2811.08
505.932 2826.63
506.205 2835.32
506.477 2838.59
506.75 2839.37
507.023 2839.62
507.295 2842.29
507.568 2849.12
507.841 2856.78
508.113 2865.5
508.386 2877.27
508.658 2889.86
508.931 2898.22
509.204 2906.76
509.476 2917.43
509.749 2928.21
510.021 2939.11
510.294 2954.3
510.567 2973.14
510.839 2993.21
511.112 3011.87
511.384 3024.94
511.657 3030.15
511.93 3027.56
512.202 3019.27
512.475 3009.49
512.747 3002.97
513.02 3001.91
513.293 3006.36
513.565 3014.75
513.838 3025.01
514.111 3036.38
514.383 3048.89
514.656 3062.19
514.928 3074.7
515.201 3082.33
515.474 3080.22
515.746 3066.42
516.019 3043.11
516.291 3017.2
516.564 2996.88
516.837 2987.81
517.109 2990.26
517.382 2999.16
517.654 3007.76
517.927 3017.73
518.2 3062.31
518.472 3153.29
518.745 3238.1
519.017 3481.83
519.29 4017.64
519.563 4462.85
519.835 4615.03
520.108 4633.71
520.381 4468.7
520.653 3997.17
520.926 3573.84
521.198 3404.66
521.471 3388.78
521.744 3417.08
522.016 3479.92
522.289 3515.27
522.561 3527.87
522.834 3548.38
523.107 3585.15
523.379 3639.6
523.652 3679.06
523.924 3694.01
524.197 3697.51
524.47 3683.01
524.742 3622.99
525.015 3657.77
525.287 3787.58
525.56 3833.49
525.833 3800.67
526.105 3747.93
526.378 3642.82
526.651 3492.14
526.923 3455.8
527.196 3525.24
527.468 3588.76
527.741 3630.56
528.014 3660.64
528.286 3654.25
528.559 3608.52
528.831 3602.35
529.104 3644.27
529.377 3707.87
529.649 3768.89
529.922 3809.51
530.194 3836.62
530.467 3840.51
530.74 3840.5
531.012 3855.8
531.285 3861.57
531.557 3848.81
531.83 3831.1
532.103 3802.93
532.375 3790.47
532.648 3847.64
532.921 3891.19
533.193 3907.98
533.466 3912.57
533.738 3886.22
534.011 3820.47
534.284 3798.25
534.556 3822.21
534.829 3856.52
535.101 3894.57
535.374 3920.24
535.647 3927.94
535.919 3917.07
536.192 3898.35
536.464 3875.66
536.737 3863.4
537.01 3863.42
537.282 3871.02
537.555 3883.43
537.827 3897.63
538.1 3911.14
538.373 3921.23
538.645 3926.35
538.918 3926.17
539.191 3920.94
539.463 3912.09
539.736 3902.43
540.008 3894.9
540.281 3893.49
540.554 3901.29
540.826 3918.99
541.099 3944.17
541.371 3970.66
541.644 3992.28
541.917 4006.15
542.189 4013.42
542.462 4018.82
542.734 4028.16
543.007 4043.5
543.28 4063.21
543.552 4083.94
543.825 4102.12
544.097 4116.45
544.37 4127.75
544.643 4137.61
544.915 4147.13
545.188 4156.32
545.461 4164.22
545.733 4169.98
546.006 4173.03
546.278 4173.06
546.551 4170.57
546.824 4166.52
547.096 4162.21
547.369 4159.85
547.641 4161.11
547.914 4166.58
548.187 4176.3
548.459 4189.62
548.732 4205.04
549.004 4221.29
549.277 4237.22
549.55 4253.38
549.822 4269.31
550.095 4279.88
550.368 4286.6
550.64 4292.96
550.913 4298.6
551.185 4303.1
551.458 4310.34
551.731 4318.63
552.003 4325.98
552.276 4333.53
552.548 4342.97
552.821 4355.45
553.094 4371.22
553.366 4394.66
553.639 4463.45
553.911 4620.81
554.184 4792.4
554.457 4885.07
554.729 4910.28
555.002 4872.57
555.274 4741.55
555.547 4605.03
555.82 4617.74
556.092 4766.59
556.365 4869.03
556.638 4989.24
556.91 6931.1
557.183 22266.9
557.455 52954.4
557.728 68311.4
558.001 70151.1
558.273 68336.7
558.546 53068.8
558.818 22303.7
559.091 6896.3
559.364 5016.16
559.636 4940.38
559.909 4915.46
560.181 5059.95
560.454 5138.26
560.727 5104.81
560.999 5098.23
561.272 5054.01
561.544 4898.08
561.817 4909.09
562.09 5103.01
562.362 5191.02
562.635 5168.73
562.908 5150.31
563.18 5085.49
563.453 4948.08
563.725 4908.49
563.998 4978.57
564.271 5056.41
564.543 5068.73
564.816 5029.92
565.088 4984.66
565.361 4917.1
565.634 4872.18
565.906 4902.14
566.179 4957.54
566.451 5021.56
566.724 5062.96
566.997 5067.01
567.269 5040.44
567.542 5012.67
567.814 4976.72
568.087 4957.19
568.36 4953.74
568.632 4957.75
568.905 4980.03
569.178 5020.73
569.45 5047.01
569.723 5055.79
569.995 5054.95
570.268 5038.93
570.541 5011.4
570.813 5004.67
571.086 5018.47
571.358 5041.52
571.631 5069.28
571.904 5098.84
572.176 5127.85
572.449 5153.69
572.721 5175.11
572.994 5191.71
573.267 5203.57
573.539 5212.51
573.812 5220.61
574.084 5228.4
574.357 5235.5
574.63 5240.62
574.902 5242.7
575.175 5242.89
575.448 5243.04
575.72 5244.35
575.993 5248.1
576.265 5254.84
576.538 5263.46
576.811 5272.39
577.083 5280.09
577.356 5284.06
577.628 5282.98
577.901 5277.32
578.174 5269.46
578.446 5263.57
578.719 5263.57
578.991 5270.81
579.264 5284.22
579.537 5300.78
579.809 5316.96
580.082 5331.25
580.354 5343.87
580.627 5355.65
580.9 5367.33
581.172 5379.26
581.445 5391.61
581.718 5404.17
581.99 5416.54
582.263 5427.85
582.535 5437.18
582.808 5444.11
583.081 5448.85
583.353 5452.33
583.626 5455.69
583.898 5459.44
584.171 5462.36
584.444 5461.97
584.716 5456.81
584.989 5447.71
585.261 5438.37
585.534 5446.48
585.807 5587.7
586.079 6090.01
586.352 6816.03
586.624 7264.87
586.897 7454.98
587.17 7407.91
587.442 6936.42
587.715 6232.69
587.988 6158.94
588.26 8730.33
588.533 14247.9
588.805 18429.4
589.078 21784.3
589.351 22933.8
589.623 20377.1
589.896 14912.4
590.168 10903.7
590.441 7627.98
590.714 6163.24
590.986 6230.66
591.259 6639.96
591.531 6738.25
591.804 6815.16
592.077 7030.33
592.349 6935.47
592.622 6769.26
592.894 7200.86
593.167 7403.28
593.44 7196.51
593.712 7036.84
593.985 6769.29
594.258 6275.54
594.53 6078.11
594.803 6452.11
595.075 7250.93
595.348 7553.67
595.621 7394
595.893 7247.6
596.166 6850.44
596.438 6134.31
596.711 5924.8
596.984 6132.48
597.256 6484.42
597.529 6644.28
597.801 6580.14
598.074 6390.42
598.347 6132.82
598.619 5778.36
598.892 5615.58
599.164 5650.42
599.437 5767.78
599.71 5915.92
599.982 6111.79
600.255 6198.68
600.528 6157.34
600.8 6043.89
601.073 5899.41
601.345 5704.72
601.618 5609.57
601.891 5600.07
602.163 5634.14
602.436 5714.01
602.708 5802.21
602.981 5908.87
603.254 5966.36
603.526 5952.88
603.799 5888.32
604.071 5815.82
604.344 5725.86
604.617 5681.53
604.889 5675.07
605.162 5673.85
605.434 5673.15
605.707 5674.47
605.98 5688.42
606.252 5727.25
606.525 5769.13
606.798 5786.81
607.07 5789.12
607.343 5777.07
607.615 5739.59
607.888 5698.16
608.161 5679.93
608.433 5674.95
608.706 5671.94
608.978 5671.66
609.251 5687.77
609.524 5723.36
609.796 5752.22
610.069 5779.72
610.341 5786.51
610.614 5765.24
610.887 5725.78
611.159 5694.28
611.432 5662.41
611.704 5646.37
611.977 5640.01
612.25 5630.62
612.522 5618.39
612.795 5609.97
613.068 5638.77
613.34 5772.08
613.613 5984.84
613.885 6178.93
614.158 6355.11
614.431 6423.24
614.703 6353.8
614.976 6187.14
615.248 6046.33
615.521 5913.25
615.794 5813.47
616.066 5751.33
616.339 5889.31
616.611 6242.21
616.884 6463.71
617.157 6619.26
617.429 6686.19
617.702 6544.79
617.974 6211.56
618.247 5987.95
618.52 5885.74
618.792 5919.11
619.065 5926.16
619.338 5879.06
619.61 6011.42
619.883 6306.84
620.155 6377
620.428 6352.65
620.701 6386.08
620.973 6332.07
621.246 6058.39
621.518 6083.73
621.791 6455.88
622.064 6591.69
622.336 6487.35
622.609 6481.88
622.881 6983.42
623.154 8153.87
623.427 9183.67
623.699 9980.2
623.972 10518
624.245 10086.4
624.517 8603.25
624.79 7470.63
625.062 7331.79
625.335 8122.46
625.608 8667.61
625.88 9049.92
626.153 9552.14
626.425 9230.19
626.698 7898.67
626.971 7073.19
627.243 6650.87
627.516 6184.23
627.788 5938.74
628.061 6384.18
628.334 7466.79
628.606 7981.21
628.879 8006.9
629.151 9778.9
629.424 22875
629.697 48437.7
629.969 61819.1
630.242 64843.5
630.515 63777.4
630.787 50228.8
631.06 23550.3
631.332 9589.06
631.605 6583.48
631.878 6164.64
632.15 6379.53
632.423 7242.82
632.695 8894
632.968 9516.57
633.241 9185.7
633.513 8874.97
633.786 8030.73
634.058 6394.24
634.331 5716.18
634.604 5959.86
634.876 6486.63
635.149 7278.01
635.421 8186.5
635.694 12492.2
635.967 20947.2
636.239 24806.9
636.512 24544
636.785 23612.7
637.057 19158.4
637.33 10453.1
637.602 6268.53
637.875 5930.83
638.148 6219.53
638.42 6493.38
638.693 6495.45
638.965 6288.54
639.238 6070.29
639.511 5755.98
639.783 5459.61
640.056 5344.72
640.328 5329.12
640.601 5369.16
640.874 5489.44
641.146 5617.13
641.419 5754.23
641.691 5947.05
641.964 6001
642.237 5897.86
642.509 5771.7
642.782 5632.49
643.055 5433.49
643.327 5331.65
643.6 5309.16
643.872 5304.4
644.145 5305.5
644.418 5310.89
644.69 5340.72
644.963 5406.39
645.235 5490.67
645.508 5620.25
645.781 5918.73
646.053 6687.59
646.326 7868.09
646.598 8939.35
646.871 9264.09
647.144 9108.61
647.416 8514.52
647.689 7360.95
647.961 6201.09
648.234 5728.96
648.507 5565.61
648.779 5370.78
649.052 5492.09
649.325 6562.51
649.597 8471.47
649.87 9723.09
650.142 10445.5
650.415 10542.3
650.688 9587.87
650.96 7846.85
651.233 6701.9
651.505 6158.98
651.778 6217.8
652.051 6291.57
652.323 6249.46
652.596 6864.54
652.868 8087.38
653.141 8421.56
653.414 8368.27
653.686 8561.92
653.959 8416.44
654.231 7296.99
654.504 6721.3
654.777 7362.36
655.049 8628.07
655.322 8860.67
655.595 8808.45
655.867 9003.73
656.14 8562.66
656.412 7395.6
656.685 6807.53
656.958 6945.9
657.23 7666.3
657.503 8402.32
657.775 8447.74
658.048 8363.97
658.321 8009.27
658.593 6952.68
658.866 5885.48
659.138 5561.5
659.411 5737.59
659.684 6150.39
659.956 6795.54
660.229 7097.36
660.501 7003.46
660.774 6696.69
661.047 6249.58
661.319 5610.15
661.592 5304.1
661.865 5276.01
662.137 5346.48
662.41 5507.19
662.682 5707.97
662.955 5974.52
663.228 6093.78
663.5 6034.28
663.773 5869.33
664.045 5661.57
664.318 5391.67
664.591 5274.13
664.863 5265.58
665.136 5269.48
665.408 5307.34
665.681 5396.23
665.954 5467.64
666.226 5537.55
666.499 5639.75
666.771 5648.91
667.044 5551.22
667.317 5456.14
667.589 5372.01
667.862 5259.81
668.135 5206.45
668.407 5201.45
668.68 5202.68
668.952 5206.93
669.225 5239.46
669.498 5308.52
669.77 5372.51
670.043 5442.68
670.315 5475.78
670.588 5452.94
670.861 5396.29
671.133 5358.08
671.406 5314.35
671.678 5305.93
671.951 5317.68
672.224 5310.8
672.496 5288.06
672.769 5265.62
673.041 5238.58
673.314 5245.34
673.587 5313.64
673.859 5383.27
674.132 5441.55
674.405 5469.38
674.677 5440.34
674.95 5356.97
675.222 5274.06
675.495 5201.93
675.768 5163.84
676.04 5156.66
676.313 5160.43
676.585 5167.59
676.858 5171.96
677.131 5173.82
677.403 5177.07
677.676 5194.9
677.948 5232.79
678.221 5278.34
678.494 5337.22
678.766 5363.49
679.039 5347.92
679.311 5306.98
679.584 5267.13
679.857 5223.35
680.129 5202.97
680.402 5200.99
680.675 5200.57
680.947 5194.95
681.22 5191.26
681.492 5206.68
681.765 5265
682.038 5755.02
682.31 7518.68
682.583 10156.2
682.855 12434.5
683.128 14648.4
683.401 15290.9
683.673 14050.1
683.946 11985.3
684.218 9950.28
684.491 7753.37
684.764 6715.14
685.036 6236.3
685.309 5690.74
685.581 5891.64
685.854 8197.09
686.127 12167.2
686.399 14130.6
686.672 14511.6
686.945 14015.1
687.217 11492.3
687.49 7568
687.762 6021.2
688.035 5898.71
688.308 6332.22
688.58 7200.6
688.853 7399.77
689.125 7044.58
689.398 7120.31
689.671 7482.04
689.943 7154.3
690.216 6823.51
690.488 6727.59
690.761 6892.24
691.034 7225.64
691.306 7491.19
691.579 8629.6
691.851 10850.2
692.124 11484.6
692.397 10585.5
692.669 9937.93
692.942 8838.12
693.215 7103.45
693.487 6970.14
693.76 7325.08
694.032 7548.02
694.305 8861.54
694.578 11143.5
694.85 11583.2
695.123 11302.6
695.395 11153.1
695.668 9859.18
695.941 7158.45
696.213 5811.74
696.486 5927.55
696.758 6560.87
697.031 6958.09
697.304 7697.26
697.576 9084.09
697.849 9459.8
698.121 8865.67
698.394 8456.13
698.667 7664.04
698.939 6168.88
699.212 5471.61
699.485 5451.23
699.757 5643.42
700.03 6016.94
700.302 6215.41
700.575 6489.49
700.848 7043.92
701.12 7102.17
701.393 6695.86
701.665 6424.56
701.938 6031.72
702.211 5330.82
702.483 5006.34
702.756 4981.4
703.028 4986.31
703.301 5002.9
703.574 5124.61
703.846 5423.27
704.119 5867.07
704.392 6506.08
704.664 6975.24
704.937 7089.52
705.209 6906.11
705.482 6550.02
705.755 6041.73
706.027 5760.3
706.3 5771.41
706.572 5842.79
706.845 5880.61
707.118 5922.86
707.39 5890.44
707.663 5804.24
707.935 5859.27
708.208 6009.57
708.481 6180.5
708.753 6245.22
709.026 6162.66
709.298 5931.66
709.571 5674
709.844 5364.66
710.116 5180.86
710.389 5140.68
710.662 5133.53
710.934 5134.9
711.207 5128.63
711.479 5098.8
711.752 5073.52
712.025 5127.36
712.297 5268.97
712.57 5416.6
712.842 5576.93
713.115 5686.06
713.388 5661.16
713.66 5612.42
713.933 5731.6
714.205 5863.6
714.478 5937.89
714.751 5996.34
715.023 5922.97
715.296 5697.73
715.568 5528.72
715.841 5490.44
716.114 5506.38
716.386 5579.39
716.659 5644.44
716.932 5639.09
717.204 5655.78
717.477 5691.42
717.749 5706.92
718.022 5613.3
718.295 5442.37
718.567 5234.56
718.84 5024
719.112 4843
719.385 4788.61
719.658 4832.93
719.93 4853.84
720.203 4865.95
720.475 4899.87
720.748 4906.62
721.021 4881.27
721.293 4870.04
721.566 4922.02
721.838 5011.18
722.111 5096.15
722.384 5193.45
722.656 5377.44
722.929 5652.84
723.202 6937.42
723.474 11510.4
723.747 19527.2
724.019 26841.5
724.292 30078.6
724.565 30103.1
724.837 26875.1
725.11 19750.3
725.382 12650.8
725.655 9300.96
725.928 8055.75
726.2 6854.68
726.473 6270.41
726.745 6662.06
727.018 10837.6
727.291 19356.5
727.563 23849.1
727.836 25949.7
728.108 28606.6
728.381 26074.8
728.654 17953.4
728.926 13932.4
729.199 12462.8
729.472 9615.82
729.744 8770.36
730.017 10158.8
730.289 10562.5
730.562 9881.42
730.835 10001.8
731.107 12436.1
731.38 17070.6
731.652 19245.1
731.925 19470.9
732.198 20091.7
732.47 19354.6
732.743 14236
733.015 11256.1
733.288 11221.4
733.561 13838.3
733.833 19093.5
734.106 21755.3
734.378 22180.3
734.651 21912.1
734.924 18383
735.196 11862
735.469 10298.4
735.742 10959
736.014 11459.8
736.287 14541.5
736.559 19877.1
736.832 20788.7
737.105 20048.2
737.377 19444.4
737.65 16040.7
737.922 9385.76
738.195 5995.35
738.468 5557.48
738.74 6400.67
739.013 8162.05
739.285 9222.8
739.558 11121.4
739.831 14587.8
740.103 15406.4
740.376 13781.3
740.648 12726.6
740.921 10989.5
741.194 7506.02
741.466 5780.35
741.739 5636.23
742.012 5796.97
742.284 6812.31
742.557 9018.27
742.829 10177
743.102 10807.3
743.375 12057.7
743.647 12311.7
743.92 10500.6
744.192 9345.65
744.465 8667.95
744.738 7185.76
745.01 5701.7
745.283 5177.68
745.555 5315.18
745.828 5750.33
746.101 6401.06
746.373 7405.16
746.646 8930.63
746.918 10838.8
747.191 11693.7
747.464 12221
747.736 13149.8
748.009 13596.8
748.282 12339.4
748.554 11226.3
748.827 10325.4
749.099 8925.91
749.372 7200.44
749.645 6415.51
749.917 6250.68
750.19 5956.22
750.462 5409.1
750.735 5125.86
751.008 5176.65
751.28 5515.74
751.553 6294.9
751.825 9144.49
752.098 14094.2
752.371 17232.6
752.643 18936.6
752.916 19052.7
753.188 16384.9
753.461 11664.1
753.734 8764.11
754.006 6878.66
754.279 6047.62
754.552 5929.58
754.824 5822.55
755.097 5980.19
755.369 6783.46
755.642 7274.83
755.915 7384.55
756.187 7615.87
756.46 8920.71
756.732 11338.6
757.005 12728.8
757.278 12946.9
757.55 12610.8
757.823 10830.3
758.095 7968.93
758.368 7140.79
758.641 7284.13
758.913 7214.46
759.186 7320.84
759.458 7398.32
759.731 6210.51
760.004 5054.76
760.276 4475.79
760.549 3765.57
760.822 2732.44
761.094 2912.18
761.367 4223.42
761.639 5215.47
761.912 5892.98
762.185 6765.15
762.457 7604.09
762.73 7269.81
763.002 6694.93
763.275 6209.35
763.548 5467.84
763.82 4298.18
764.093 3712.29
764.365 3759.87
764.638 4170.07
764.911 4779.13
765.183 5064.65
765.456 5242.41
765.728 5784.67
766.001 6674.25
766.274 6740.85
766.546 6650.65
766.819 6655.82
767.092 6216.79
767.364 5201.09
767.637 4838.29
767.909 5133.27
768.182 5664.86
768.455 6395.65
768.727 7192.76
769 7590.72
769.272 7844.58
769.545 8166.47
769.818 7918.54
770.09 7288.41
770.363 7259.38
770.635 10081.4
770.908 17290.6
771.181 25709.3
771.453 33631
771.726 37177.7
771.998 35996
772.271 30025.7
772.544 22129.2
772.816 14574.6
773.089 11287.2
773.362 9778.79
773.634 8159.87
773.907 7469.87
774.179 7873.91
774.452 12505
774.725 22373.4
774.997 27885.5
775.27 31072.9
775.542 34754.4
775.815 31637.6
776.088 21438.8
776.36 15737.6
776.633 13287.3
776.905 10530.6
777.178 9550.36
777.451 10715.6
777.723 13087
777.996 13564.8
778.269 12319.4
778.541 12112.2
778.814 15179.1
779.086 20882.2
779.359 23553.9
779.632 23653.2
779.904 23008.1
780.177 20174.5
780.449 15208.4
780.722 12887
780.995 12796.6
781.267 13504
781.54 17202.2
781.812 24164.6
782.085 27545.7
782.358 27838.4
782.63 27130.4
782.903 21987.7
783.175 12026.5
783.448 8374.57
783.721 10498.6
783.993 11711.5
784.266 12236.2
784.539 13935.6
784.811 18622
785.084 26601.6
785.356 32635.5
785.629 36409.2
785.902 36324.4
786.174 31305.9
786.447 23813.1
786.719 20937.1
786.992 18640.2
787.265 18237.9
787.537 20197.9
787.81 19687.7
788.082 16404.6
788.355 15763
788.628 16821.2
788.9 15186.7
789.173 12819.3
789.445 11743.6
789.718 10340.1
789.991 8019.92
790.263 6886.1
790.536 7886.66
790.809 14665.1
791.081 26621.6
791.354 32744
791.626 36132.2
791.899 39980.4
792.172 35807.2
792.444 25798
792.717 22994.6
792.989 21501.1
793.262 16740.7
793.535 14054.8
793.807 12244.1
794.08 9273.1
794.352 8658.92
794.625 10862.9
794.898 12081.5
795.17 11967.2
795.443 11399.3
795.715 10351.9
795.988 12210.4
796.261 20351.6
796.533 25577.6
796.806 26690
797.079 27043.3
797.351 25186.7
797.624 19356.4
797.896 15589.8
798.169 14788.1
798.442 14698.9
798.714 16952.6
798.987 23043.2
799.259 26456.5
799.532 27052.7
799.805 26464.9
800.077 21535.7
800.35 11785.2
800.622 6966.22
800.895 7416
801.168 9796.94
801.44 11235.2
801.713 12336.1
801.985 16117.8
802.258 22469.9
802.531 24266.4
802.803 23755.8
803.076 22833.9
803.349 18903
803.621 11289.7
803.894 6950
804.166 5947.56
804.439 5912.32
804.712 6844.93
804.984 8479.75
805.257 9448.68
805.529 11153.6
805.802 14203.1
806.075 14860.5
806.347 13422.1
806.62 12414.5
806.892 10715.3
807.165 7638.14
807.438 6202.85
807.71 6037.28
807.983 6161.05
808.255 6421.15
808.528 6430.65
808.801 6585.99
809.073 7234.81
809.346 7544.05
809.619 8021.83
809.891 9337.68
810.164 9782.45
810.436 9223.78
810.709 8826.78
810.982 8060.14
811.254 6556.45
811.527 5739.23
811.799 5571.03
812.072 5562.93
812.345 5632.02
812.617 5716.28
812.89 5811.31
813.162 5933.51
813.435 6202.17
813.708 6580.52
813.98 6902.8
814.253 7344.65
814.525 7652.86
814.798 7476.47
815.071 7004.68
815.343 6566.67
815.616 5969.4
815.889 5423.82
816.161 5189.05
816.434 5136.32
816.706 5111.77
816.979 5119.5
817.252 5148.12
817.524 5157.02
817.797 5166.84
818.069 5207.59
818.342 5320.88
818.615 5563.04
818.887 5840.53
819.16 6148.57
819.432 6255.82
819.705 6170.06
819.978 6017.21
820.25 5931.19
820.523 5822.13
820.795 5815.55
821.068 5908.29
821.341 5952.32
821.613 5859.43
821.886 5699.45
822.159 5547.12
822.431 5336.88
822.704 5157.7
822.976 5090.94
823.249 5112.98
823.522 5275.6
823.794 5587.49
824.067 5845.79
824.339 6089.77
824.612 6271.52
824.885 6307.05
825.157 6250.47
825.43 6151.68
825.702 5968.63
825.975 5805.38
826.248 5725.99
826.52 5671.47
826.793 5672.58
827.065 5852.09
827.338 7355.81
827.611 12196.7
827.883 18905
828.156 25540.9
828.429 33676.2
828.701 36605.6
828.974 34098.6
829.246 33546.9
829.519 35613.9
829.792 31476.2
830.064 27934.6
830.337 26018.7
830.609 21268.2
830.882 15270
831.155 12613.7
831.427 12220
831.7 11982.6
831.972 10597.2
832.245 7904.77
832.518 6430.29
832.79 5972.86
833.063 5883.19
833.335 6243.09
833.608 8730.17
833.881 20426.9
834.153 40443
834.426 50642.3
834.699 55245.7
834.971 59525.4
835.244 51164.2
835.516 32002.3
835.789 23471.5
836.062 21181.5
836.334 15840.8
836.607 12825.2
836.879 12061.7
837.152 10444.1
837.425 8436.68
837.697 9925.53
837.97 14426.1
838.242 16682.2
838.515 17044.6
838.788 16706
839.06 14949.3
839.333 18007.8
839.605 31289.6
839.878 38636.8
840.151 39313.9
840.423 38253.5
840.696 30785.6
840.969 18013.3
841.241 15835.1
841.514 17682.5
841.786 18151.2
842.059 19117.2
842.332 24198.9
842.604 33734.9
842.877 38646
843.149 39426.4
843.422 38306.5
843.695 30467.6
843.967 15432.9
844.24 8194.17
844.512 9510.2
844.785 14354.5
845.058 16891.6
845.33 17221.3
845.603 17658.5
845.875 21530.9
846.148 29227.4
846.421 33008.3
846.693 33414.2
846.966 32699.9
847.239 26569.5
847.511 14017.8
847.784 7699.6
848.056 6885.3
848.329 6703.77
848.602 6605.65
848.874 8250.51
849.147 11915.6
849.419 13971.3
849.692 14891.8
849.965 18065.5
850.237 22599.9
850.51 22049.3
850.782 20393.2
851.055 19495.5
851.328 16156.6
851.6 9956.39
851.873 6968.74
852.145 6633.83
852.418 6624.17
852.691 6588.49
852.963 6782.96
853.236 9237.14
853.509 14404.3
853.781 17088.1
854.054 17592.6
854.326 18451.7
854.599 18202
854.872 14148.5
855.144 11600.5
855.417 11091.4
855.689 9917.35
855.962 7590.71
856.235 6445.87
856.507 6372.94
856.78 6617.2
857.052 7061.77
857.325 7392.54
857.598 7496.55
857.87 7503.43
858.143 7582.43
858.416 7760.01
858.688 7774.44
858.961 7969.15
859.233 8601.87
859.506 8988.19
859.779 8673.63
860.051 8446.48
860.324 8271.55
860.596 7855.29
860.869 7734.21
861.142 8414.92
861.414 9594.06
861.687 11139.2
861.959 13741.1
862.232 17293.9
862.505 20732.6
862.777 23015.8
863.05 24602.2
863.322 25082.6
863.595 23195.3
863.868 19917.7
864.14 17416.3
864.413 16651
864.686 16947.1
864.958 18781.2
865.231 22906.2
865.503 26701.6
865.776 28485.1
866.049 28866.4
866.321 28657.6
866.594 26913
866.866 25211.3
867.139 23611.5
867.412 21871.2
867.684 19883.7
867.957 17905.5
868.229 15921.7
868.502 14178.8
868.775 12577.4
869.047 11189.6
869.32 10058.8
869.592 9458.71
869.865 9049.67
870.138 8884.07
870.41 9020.86
870.683 8931.13
870.956 8435.26
871.228 7958.56
871.501 7476.44
871.773 6876.22
872.046 6628.15
872.319 6679.16
872.591 6699.38
872.864 6667.77
873.136 6691.88
873.409 6793.74
873.682 6901.42
873.954 6990.01
874.227 7039.69
874.499 7080.52
874.772 7054.12
875.045 7148.59
875.317 9655.01
875.59 18403.1
875.862 30554.6
876.135 42307.4
876.408 56535.1
876.68 61532.6
876.953 56927.4
877.226 55035.1
877.498 56424.3
877.771 47579.7
878.043 40621.9
878.316 36867
878.589 29068.4
878.861 20408.6
879.134 16930.3
879.406 16493.7
879.679 16057.1
879.952 13549
880.224 9096.19
880.497 7339.3
880.769 7620.76
881.042 7812.64
881.315 7774.53
881.587 7815.33
881.86 10500
882.132 26338
882.405 54610.6
882.678 70086.3
882.95 78998.4
883.223 87815.9
883.496 77201.8
883.768 49520.6
884.041 34450.2
884.313 27357.6
884.586 18864.1
884.859 14752.9
885.131 14145.6
885.404 13753.7
885.676 12013.7
885.949 9568.18
886.222 11949.2
886.494 19303.9
886.767 23018.6
887.039 23149.3
887.312 22062.6
887.585 18009.8
887.857 11730.9
888.13 18383.8
888.402 38824
888.675 49482
888.948 51028.8
889.22 50128.7
889.493 40464.9
889.766 23916.9
890.038 21910.7
890.311 24891.1
890.583 25480.6
890.856 25003.6
891.129 22089.1
891.401 24571.7
891.674 42270.2
891.946 52520.1
892.219 54001.1
892.492 53155.2
892.764 42364.8
893.037 20320.4
893.309 9303.84
893.582 8112.45
893.855 11123.8
894.127 17938.4
894.4 21280.4
894.672 21474.6
894.945 21952.5
895.218 27220.2
895.49 37923.4
895.763 43293.3
896.036 43930
896.308 42898.9
896.581 34203.9
896.853 16657.2
897.126 7911.92
897.399 6954.93
897.671 7178.79
897.944 7773.15
898.216 10125.3
898.489 14550
898.762 16797.6
899.034 17196
899.307 17166.9
899.579 19158.8
899.852 23883.1
900.125 26095.4
900.397 25883.9
900.67 25018.3
900.942 20210.9
901.215 10737.6
901.488 6104.22
901.76 5734.35
902.033 5801.25
902.306 5865.78
902.578 6080.36
902.851 6352.73
903.123 7425.51
903.396 9758.77
903.669 10961.6
903.941 11029.8
904.214 11052.4
904.486 12069.1
904.759 14207.8
905.032 15315.5
905.304 15493.6
905.577 15241.9
905.849 13045.1
906.122 8729.23
906.395 6755.91
906.667 6722.36
906.94 6756.15
907.212 6665.02
907.485 6403.97
907.758 5986.1
908.03 5559.12
908.303 5436.37
908.576 6022.99
908.848 7342.75
909.121 8123.93
909.393 8422.53
909.666 9425.78
909.939 10868.9
910.211 10553.7
910.484 9869.47
910.756 9557.47
911.029 8506.87
911.302 6403.24
911.574 5313.04
911.847 5172.65
912.119 5147.31
912.392 5093.07
912.665 5048.61
912.937 5101.08
913.21 5168.38
913.482 5173.09
913.755 5221.09
914.028 5322.37
914.3 5414.5
914.573 5791.76
914.846 6679.41
915.118 7324.47
915.391 7893.72
915.663 8796.92
915.936 9234.03
916.209 8626.02
916.481 7957.71
916.754 7289.44
917.026 6195.48
917.299 5239.87
917.572 4898.69
917.844 4850.41
918.117 4843.57
918.389 4894.21
918.662 4943.77
918.935 4935.78
919.207 4912.65
919.48 4934.51
919.752 4961.06
920.025 4976.16
920.298 5013.79
920.57 5073.83
920.843 5137.86
921.116 5426.76
921.388 6016.13
921.661 6353.98
921.933 6835.09
922.206 7726.55
922.479 7877.66
922.751 7299.58
923.024 6907.72
923.296 6351.74
923.569 5345.92
923.842 4833.25
924.114 4745.15
924.387 4721.94
924.659 4714.84
924.932 4709.53
925.205 4705.57
925.477 4705.37
925.75 4692.9
926.022 4681.17
926.295 4680.1
926.568 4673.47
926.84 4660.32
927.113 4644.04
927.386 4599.32
927.658 4520.27
927.931 4455.16
928.203 4394.6
928.476 4343.87
928.749 4323.03
929.021 4323.73
929.294 4286.61
929.566 4229.14
929.839 4567.76
930.112 8025.32
930.384 16112.6
930.657 25961.6
930.929 37444
931.202 42428.2
931.475 40324.4
931.747 36992.1
932.02 36493.1
932.292 29585.4
932.565 24702.8
932.838 23378.7
933.11 19598.9
933.383 12437.3
933.656 8818.43
933.928 8132.03
934.201 7719.63
934.473 6548.92
934.746 4227.99
935.019 3046.17
935.291 2971.76
935.564 3019.22
935.836 2986.9
936.109 2939.63
936.382 2997.48
936.654 4299.19
936.927 14669.1
937.199 35344
937.472 45640.3
937.745 47149.8
938.017 46619.1
938.29 36742.9
938.563 16206
938.835 6027.79
939.108 4791.43
939.38 4669.01
939.653 5829.33
939.926 8480.36
940.198 9778.3
940.471 9719.88
940.743 9191.91
941.016 7987.62
941.289 7376.09
941.561 10347.2
941.834 12952.2
942.106 13594.4
942.379 13195.2
942.652 10903.4
942.924 6527.12
943.197 4463.26
943.469 9533.96
943.742 21090.4
944.015 26969.9
944.287 27799.3
944.56 27362.9
944.833 21780.7
945.105 10545.6
945.378 7128.14
945.65 11035.7
945.923 13067.7
946.196 13192.1
946.468 12942.2
946.741 11256.9
947.013 11874.8
947.286 20283
947.559 25373.4
947.831 25918.9
948.104 25228.7
948.376 19865.2
948.649 9134.24
948.922 3733.85
949.194 3056.22
949.467 3173.61
949.739 4931.09
950.012 8705.83
950.285 10687.1
950.557 11085
950.83 11048
951.103 9622.7
951.375 8726.96
951.648 12671.6
951.92 15268.5
952.193 15498.2
952.466 15088.1
952.738 12137.7
953.011 6209.71
953.283 3279.46
953.556 2957.37
953.829 2937.25
954.101 2858.19
954.374 2959.16
954.646 4135.76
954.919 6446.22
955.192 7570.78
955.464 7722.68
955.737 7602.35
956.009 6687.01
956.282 6786.2
956.555 10652.7
956.827 13068.3
957.1 13405.4
957.373 13161.5
957.645 10705
957.918 5691.6
958.19 3166.04
958.463 2778.4
958.736 2667.01
959.008 2627.39
959.281 2630.34
959.553 2621.91
959.826 2712.23
960.099 3264.32
960.371 4284.61
960.644 4790.63
960.916 4866.43
961.189 4876.27
961.462 5058.26
961.734 5433.54
962.007 5594.37
962.279 5572.33
962.552 5493.61
962.825 4843.32
963.097 3488.09
963.37 2782.5
963.643 2694.09
963.915 2665.96
964.188 2599.23
964.46 2578.65
964.733 2656.48
965.006 2774.65
965.278 2977.41
965.551 3280.12
965.823 3447.12
966.096 3594.19
966.369 4224.61
966.641 5427.48
966.914 6088.87
967.186 6580
967.459 7156.19
967.732 8510.72
968.004 10243.5
968.277 10826.9
968.549 10998.4
968.822 11538.9
969.095 10447.8
969.367 10226.2
969.64 14363.8
969.913 16346.7
970.185 15370.9
970.458 14507
970.73 12719.1
971.003 9337.57
971.276 8067.61
971.548 11300.8
971.821 18055.8
972.093 20339.1
972.366 18441.8
972.639 16881
972.911 13453.6
973.184 7792.33
973.456 6765.3
973.729 7529.36
974.002 7709.53
974.274 7670.69
974.547 6447.73
974.819 3994.77
975.092 2755.51
975.365 2497.52
975.637 2294.59
975.91 2185.81
976.183 2159.56
976.455 2163.26
976.728 2176.15
977 2181.96
977.273 2184.56
977.546 2176.11
977.818 2156.12
978.091 2255.35
978.363 3865.54
978.636 11949.3
978.909 25695.2
979.181 32794.3
979.454 36497.2
979.726 40183.4
979.999 34638.6
980.272 21390.8
980.544 15306.4
980.817 13201.9
981.089 8706.78
981.362 6261.23
981.635 5766.14
981.907 4781.98
982.18 3291.24
982.453 2884.89
982.725 2958.09
982.998 2937.34
983.27 2864.97
983.543 2594.75
983.816 2151.68
984.088 2132.77
984.361 3647.59
984.633 6726.46
984.906 8258.29
985.179 8427.91
985.451 8218.62
985.724 6657.93
985.996 3575.77
986.269 2619.29
986.542 7202.13
986.814 16760.1
987.087 21545.3
987.359 22119.1
987.632 21527.6
987.905 16730.2
988.177 7146.26
988.45 2346.88
988.723 1937.64
988.995 3554.04
989.268 6835.83
989.54 8468.73
989.813 8654.68
990.086 8443.18
990.358 6801.05
990.631 4042.11
990.903 6765.73
991.176 15313.3
991.449 19677.5
991.721 20196.6
991.994 19654.2
992.266 15258.9
992.539 6480.14
992.812 2085.12
993.084 1531.2
993.357 1678.63
993.629 3200.82
993.902 7448.55
994.175 13361.5
994.447 18871.1
994.72 21262.7
994.993 22057.4
995.265 22097.6
995.538 20663.5
995.81 20399.2
996.083 20330.9
996.356 18353.4
996.628 14518.5
996.901 10962.1
997.173 6173.44
997.446 3738.98
997.719 3376.06
997.991 2880.05
998.264 1911.05
998.536 1401.97
998.809 1292.16
999.082 1315.34
999.354 1762.68
999.627 2678.35
999.899 3137.39
1000.17 3201.48
1000.44 3583.44
1000.72 6726.88
1000.99 13373.3
1001.26 17404.6
1001.54 18332.5
1001.81 18269
1002.08 15828.3
1002.35 10424.7
1002.63 6995.78
1002.9 6117.62
1003.17 5761.19
1003.44 4699.01
1003.72 2948.36
1003.99 2667.4
1004.26 2922.61
1004.53 2919.55
1004.81 2785.19
1005.08 2352.59
1005.35 1740.37
1005.62 2147.61
1005.9 3307.58
1006.17 3992.9
1006.44 4450.05
1006.71 4775.35
1006.99 4372.3
1007.26 3304.56
1007.53 2816.02
1007.81 3912.41
1008.08 6538.93
1008.35 7698.28
1008.62 7738.01
1008.9 7528.45
1009.17 5968.29
1009.44 2927.1
1009.71 1963.93
1009.99 2959.39
1010.26 3539.51
1010.53 3566.52
1010.8 3410.69
1011.08 2760.82
1011.35 1548.99
1011.62 1169.31
1011.89 2758.03
1012.17 5994.6
1012.44 7605.23
1012.71 7852.82
1012.98 7747.95
1013.26 6131.69
1013.53 2886.19
1013.8 1284.29
1014.08 1081.9
1014.35 1098.96
1014.62 1450.82
1014.89 2217.25
1015.17 3128.31
1015.44 3818.93
1015.71 4166.17
1015.98 4063.21
1016.26 3766.49
1016.53 4402.21
1016.8 6825.87
1017.07 8510.95
1017.35 8798.75
1017.62 8695.43
1017.89 7797.25
1018.16 5109.18
1018.44 4360.48
1018.71 6584.9
1018.98 7602.64
1019.25 7077.32
1019.53 6629.22
1019.8 5709.47
1020.07 3975.99
1020.35 3510.37
1020.62 5438.89
1020.89 8787.21
1021.16 9855.95
1021.44 8918.52
1021.71 8007.77
1021.98 6361.21
1022.25 3934.82
1022.53 3310.02
1022.8 4242.03
1023.07 4713.45
1023.34 4297.7
1023.62 3276.06
1023.89 2255.08
1024.16 1109.43
1024.43 562.126
1024.71 489.861
1024.98 482.909
1025.25 477.902
1025.52 472.976
1025.8 468.625
1026.07 465.309
1026.34 472.511
1026.62 559.599
1026.89 738.438
1027.16 824.805
1027.43 831.545
1027.71 880.918
1027.98 1611.07
1028.25 5465.21
1028.52 12182.6
1028.8 15633.2
1029.07 17217.3
1029.34 18613.7
1029.61 15641.3
1029.89 8992.13
1030.16 5634.95
1030.43 4333.76
1030.7 2751.27
1030.98 1994.1
1031.25 1859.58
1031.52 1740.98
1031.79 1397.03
1032.07 835.495
1032.34 671.758
1032.61 724.833
1032.89 739.836
1033.16 720.789
1033.43 649.651
1033.7 537.715
1033.98 527.144
1034.25 1004.55
1034.52 2005.87
1034.79 2549.12
1035.07 2662.88
1035.34 2619.04
1035.61 2116.88
1035.88 1101.84
1036.16 528.233
1036.43 523.821
1036.7 1863.47
1036.97 4647.29
1037.25 6043.85
1037.52 6211.06
1037.79 6037.78
1038.06 4637.05
1038.34 1838.02
1038.61 433.711
1038.88 305.617
1039.16 725.6
1039.43 1581.93
1039.7 2008.42
1039.97 2057.41
1040.25 2003.07
1040.52 1571.45
1040.79 714.638
1041.06 430.687
1041.34 1522.83
1041.61 3796.91
1041.88 4932.1
1042.15 5073.09
1042.43 4943.7
1042.7 3810.31
1042.97 1537.36
1043.24 399.585
1043.52 250.58
1043.79 229.498
1044.06 213.727
1044.33 240.984
1044.61 517.357
1044.88 1073.46
1045.15 1350.21
1045.43 1381.5
1045.7 1346.49
1045.97 1106.17
1046.24 905.834
1046.52 1583.73
1046.79 2502.99
1047.06 2856.27
1047.33 2853.61
1047.61 2492.03
1047.88 1530.28
1048.15 571.526
1048.42 211.34
1048.7 168.108
1048.97 164.694
1049.24 163.158
1049.51 162.8
1049.79 162.915
1050.06 176.912
1050.33 298.712
1050.6 544.514
1050.88 666.349
1051.15 678.41
1051.42 661.712
1051.7 566.524
1051.97 563.278
1052.24 930.361
1052.51 1159.3
1052.79 1186.6
1053.06 1154.58
1053.33 905.067
1053.6 408.063
1053.88 158.564
1054.15 125.635
1054.42 122.691
1054.69 120.722
1054.97 118.775
1055.24 116.842
1055.51 114.922
1055.78 113.012
1056.06 111.198
1056.33 112.246
1056.6 135.208
1056.87 193.146
1057.15 241.402
1057.42 256.082
1057.69 261.459
1057.97 302.072
1058.24 375.049
1058.51 390.715
1058.78 381.028
1059.06 369.487
1059.33 300.645
1059.6 164.831
1059.87 96.1745
1060.15 86.2808
1060.42 84.7332
1060.69 83.5139
1060.96 82.1213
1061.24 80.7675
1061.51 79.7337
1061.78 78.9485
1062.05 78.3162
1062.33 77.8149
1062.6 77.4323
1062.87 77.1472
1063.14 77.4219
1063.42 81.9386
1063.69 94.4169
1063.96 106.852
1064.24 111.356
1064.51 112.913
1064.78 122.748
1065.05 139.51
1065.33 141.395
1065.6 138.141
1065.87 135.491
1066.14 120.254
1066.42 90.1142
1066.69 74.8878
1066.96 72.699
1067.23 72.3214
1067.51 72.483
1067.78 76.3876
1068.05 87.9048
1068.32 111.149
1068.6 149.791
1068.87 184.551
1069.14 236.142
1069.41 319.888
1069.69 355.692
1069.96 357.063
1070.23 370.02
1070.51 441.953
1070.78 579.283
1071.05 637.618
1071.32 619.274
1071.6 621.96
1071.87 597.807
1072.14 445.018
1072.41 538.882
1072.69 923.859
1072.96 1075.31
1073.23 996.004
1073.5 924.945
1073.78 790.125
1074.05 538.988
1074.32 440.907
1074.59 647.917
1074.87 1084.14
1075.14 1228.88
1075.41 1098.96
1075.68 993.196
1075.96 759.485
1076.23 312.021
1076.5 96.8079
1076.78 138.44
1077.05 277.208
1077.32 346.771
1077.59 354.741
1077.87 345.74
1078.14 275.17
1078.41 134.55
1078.68 64.1634
1078.96 55.2833
1079.23 54.7086
1079.5 54.364
1079.77 54.2649
1080.05 54.0903
1080.32 53.5277
1080.59 53.0359
1080.86 52.5845
1081.14 51.9403
1081.41 51.2631
1081.68 50.8225
1081.95 52.2883
1082.23 109.901
1082.5 573.272
1082.77 1500.41
1083.05 1965.79
1083.32 2053.17
1083.59 2171.03
1083.86 2015.77
1084.14 1237.09
1084.41 789.73
1084.68 705.227
1084.95 544.311
1085.23 287.008
1085.5 232.102
1085.77 259.558
1086.04 259.016
1086.32 242.783
1086.59 191.569
1086.86 100.857
1087.13 67.8918
1087.41 87.8155
1087.68 99.9565
1087.95 99.3499
1088.22 93.8941
1088.5 78.9223
1088.77 61.3666
1089.04 122.144
1089.32 269.012
1089.59 345.204
1089.86 358.58
1090.13 351.551
1090.41 277.04
1090.68 127.561
1090.95 50.3078
1091.22 36.5399
1091.5 60.8258
1091.77 279.745
1092.04 718.667
1092.31 938.008
1092.59 964.703
1092.86 938.688
1093.13 719.045
1093.4 279.21
1093.68 59.1895
1093.95 40.2565
1094.22 114.669
1094.49 267.36
1094.77 343.705
1095.04 352.556
1095.31 342.758
1095.59 265.455
1095.86 111.39
1096.13 35.0242
1096.4 49.5581
1096.68 244.02
1096.95 633.712
1097.22 828.234
1097.49 851.238
1097.77 827.039
1098.04 631.533
1098.31 241.056
1098.58 45.6565
1098.86 20.8943
1099.13 19.6824
1099.4 18.6192
1099.67 13.6821
