350 0
350.273 0
350.545 0
350.818 0
351.09 0
351.363 0
351.636 0
351.908 0
352.181 0
352.453 0
352.726 0
352.999 0
353.271 0
353.544 0
353.817 0
354.089 0
354.362 0
354.634 0
354.907 0
355.18 0
355.452 8.72826e-07
355.725 2.8538e-06
355.997 4.88181e-06
356.27 6.97789e-06
356.543 9.12221e-06
356.815 1.13133e-05
357.088 1.35566e-05
357.36 1.58504e-05
357.633 1.81943e-05
357.906 2.05905e-05
358.178 2.40009e-05
358.451 2.80019e-05
358.723 3.20894e-05
358.996 3.62641e-05
359.269 4.05261e-05
359.541 4.48774e-05
359.814 4.93257e-05
360.087 5.41518e-05
360.359 5.97103e-05
360.632 6.5402e-05
360.904 7.12365e-05
361.177 7.72167e-05
361.45 8.33496e-05
361.722 8.96324e-05
361.995 9.60664e-05
362.267 9.95738e-05
362.54 0.000103088
362.813 0.000106668
363.085 0.000110311
363.358 0.000114018
363.63 0.000117796
363.903 0.000121639
364.176 0.000122941
364.448 0.000122793
364.721 0.000122615
364.993 0.000122415
365.266 0.000122306
365.539 0.000122176
365.811 0.000122001
366.084 0.000122037
366.357 0.000122592
366.629 0.000123135
366.902 0.000123669
367.174 0.000124186
367.447 0.000124689
367.72 0.000125178
367.992 0.000125653
368.265 0.000127173
368.537 0.000128738
368.81 0.000130315
369.083 0.000131906
369.355 0.00013351
369.628 0.000135128
369.9 0.000136758
370.173 0.000131317
370.446 0.000121595
370.718 0.000111615
370.991 0.000101375
371.263 9.08709e-05
371.536 8.00995e-05
371.809 6.90575e-05
372.081 6.13551e-05
372.354 6.20607e-05
372.627 6.27719e-05
372.899 6.34887e-05
373.172 6.42111e-05
373.444 6.49392e-05
373.717 6.56713e-05
373.99 6.64101e-05
374.262 6.71511e-05
374.535 6.7899e-05
374.807 6.86525e-05
375.08 6.93913e-05
375.353 7.00939e-05
375.625 7.07993e-05
375.898 7.15094e-05
376.17 7.32532e-05
376.443 7.56441e-05
376.716 7.80715e-05
376.988 8.0538e-05
377.261 8.304e-05
377.533 8.55808e-05
377.806 8.81605e-05
378.079 9.027e-05
378.351 9.11491e-05
378.624 9.20372e-05
378.897 9.29298e-05
379.169 9.38301e-05
379.442 9.47402e-05
379.714 9.5657e-05
379.987 9.65832e-05
380.26 9.38747e-05
380.532 9.0924e-05
380.805 8.79104e-05
381.077 8.48334e-05
381.35 8.1689e-05
381.623 7.84793e-05
381.895 7.52e-05
382.168 7.43438e-05
382.44 7.5035e-05
382.713 7.57296e-05
382.986 7.6427e-05
383.258 7.71263e-05
383.531 7.783e-05
383.803 7.85377e-05
384.076 7.92475e-05
384.349 7.99648e-05
384.621 8.06866e-05
384.894 8.14117e-05
385.167 8.21202e-05
385.439 8.28232e-05
385.712 8.35269e-05
385.984 8.42369e-05
386.257 8.71274e-05
386.53 9.01896e-05
386.802 9.32949e-05
387.075 9.64436e-05
387.347 9.9636e-05
387.62 0.000102872
387.893 0.000106153
388.165 0.000109479
388.438 0.00011285
388.71 0.000116266
388.983 0.000119728
389.256 0.000123236
389.528 0.000126791
389.801 0.000130392
390.074 0.00013328
390.346 0.000134129
390.619 0.000134982
390.891 0.000135839
391.164 0.000136697
391.437 0.000137562
391.709 0.000138427
391.982 0.000139295
392.254 0.000140167
392.527 0.000141042
392.8 0.000141921
393.072 0.000142803
393.345 0.000143688
393.617 0.000144577
393.89 0.000145469
394.163 0.000146364
394.435 0.000147261
394.708 0.000148162
394.98 0.000149066
395.253 0.000149883
395.526 0.000150696
395.798 0.000151511
396.071 0.000152329
396.344 0.00015315
396.616 0.000153971
396.889 0.000154799
397.161 0.000155619
397.434 0.000156452
397.707 0.000157293
397.979 0.000158128
398.252 0.000164682
398.524 0.000171775
398.797 0.000178941
399.07 0.000186172
399.342 0.000193475
399.615 0.000200846
399.887 0.000208285
400.16 0.000212981
400.433 0.000215729
400.705 0.000218481
400.978 0.000221245
401.25 0.000224017
401.523 0.000226799
401.796 0.00022958
402.068 0.000233255
402.341 0.000239623
402.614 0.000246085
402.886 0.00025264
403.159 0.00025929
403.431 0.000266034
403.704 0.000272874
403.977 0.000279809
404.249 0.000279795
404.522 0.000279048
404.794 0.000278223
405.067 0.000277305
405.34 0.000276264
405.612 0.000275144
405.885 0.000273945
406.157 0.000275069
406.43 0.00027794
406.703 0.000280822
406.975 0.000283718
407.248 0.00028661
407.52 0.000289509
407.793 0.000292414
408.066 0.000296413
408.338 0.000303896
408.611 0.000311475
408.884 0.000319151
409.156 0.000326924
409.429 0.000334796
409.701 0.000342765
409.974 0.000350833
410.247 0.000358955
410.519 0.000367171
410.792 0.000375483
411.064 0.000383894
411.337 0.000392404
411.61 0.000401012
411.882 0.000409719
412.155 0.000421544
412.427 0.000435839
412.7 0.000450327
412.973 0.000465009
413.245 0.000479886
413.518 0.000494958
413.79 0.000510225
414.063 0.000525689
414.336 0.000541334
414.608 0.000557203
414.881 0.000573291
415.154 0.000589442
415.426 0.000605723
415.699 0.000622207
415.971 0.000638882
416.244 0.000650413
416.517 0.000661422
416.789 0.000672529
417.062 0.000683741
417.334 0.000695052
417.607 0.000706463
417.88 0.000717978
418.152 0.00072955
418.425 0.000741187
418.697 0.000752927
418.97 0.000764762
419.243 0.000776706
419.515 0.000788747
419.788 0.000800891
420.06 0.000823062
420.333 0.000880531
420.606 0.000938716
420.878 0.000997619
421.151 0.00105724
421.424 0.00111757
421.696 0.00117863
421.969 0.00124041
422.241 0.00125449
422.514 0.00126236
422.787 0.00127022
423.059 0.00127808
423.332 0.00128595
423.604 0.00129382
423.877 0.00130169
424.15 0.00130963
424.422 0.00131763
424.695 0.00132564
424.967 0.00133365
425.24 0.00134188
425.513 0.00135016
425.785 0.00135844
426.058 0.00136679
426.33 0.0013754
426.603 0.00138401
426.876 0.00139264
427.148 0.00140128
427.421 0.00140993
427.694 0.0014186
427.966 0.00142728
428.239 0.00143625
428.511 0.00144528
428.784 0.00145432
429.057 0.00146338
429.329 0.00147245
429.602 0.00148153
429.874 0.00149062
430.147 0.00150408
430.42 0.00152134
430.692 0.0015387
430.965 0.00155618
431.237 0.00157374
431.51 0.00159141
431.783 0.00160914
432.055 0.00162527
432.328 0.00163449
432.6 0.00164374
432.873 0.00165301
433.146 0.0016623
433.418 0.00167161
433.691 0.00168093
433.964 0.00169026
434.236 0.0016995
434.509 0.00170875
434.781 0.001718
435.054 0.00172706
435.327 0.00173532
435.599 0.00174358
435.872 0.00175183
436.144 0.00175517
436.417 0.00175409
436.69 0.00175292
436.962 0.00175166
437.235 0.0017503
437.507 0.00174885
437.78 0.00174732
438.053 0.00174385
438.325 0.00173253
438.598 0.00172104
438.87 0.00170938
439.143 0.00169753
439.416 0.00168551
439.688 0.00167329
439.961 0.00166087
440.234 0.00166505
440.506 0.00167202
440.779 0.00167899
441.051 0.00168593
441.324 0.00169286
441.597 0.00169977
441.869 0.00170664
442.142 0.00171892
442.414 0.00173597
442.687 0.00175254
442.96 0.00176996
443.232 0.00178762
443.505 0.00180516
443.777 0.00182261
444.05 0.00184785
444.323 0.00190718
444.595 0.00196725
444.868 0.00202726
445.14 0.0020884
445.413 0.00214997
445.686 0.00221206
445.958 0.00227451
446.231 0.002447
446.504 0.00264022
446.776 0.00283541
447.049 0.00303171
447.321 0.00322971
447.594 0.00342927
447.867 0.00363019
448.139 0.00402457
448.412 0.00460644
448.684 0.00519287
448.957 0.00578374
449.23 0.00637914
449.502 0.00697899
449.775 0.00758322
450.047 0.0083539
450.32 0.00990077
450.593 0.0114594
450.865 0.0130293
451.138 0.0146104
451.41 0.0162029
451.683 0.0178077
451.956 0.0194232
452.228 0.0226346
452.501 0.0261776
452.774 0.0297459
453.046 0.0333394
453.319 0.036958
453.591 0.0406019
453.864 0.044271
454.137 0.0496287
454.409 0.0566859
454.682 0.0637917
454.954 0.070946
455.227 0.078136
455.5 0.0853691
455.772 0.0926478
456.045 0.100812
456.317 0.113308
456.59 0.125881
456.863 0.138533
457.135 0.151261
457.408 0.164071
457.68 0.17695
457.953 0.189909
458.226 0.208742
458.498 0.228897
458.771 0.249171
459.044 0.269567
459.316 0.290082
459.589 0.310717
459.861 0.331473
460.134 0.356626
460.407 0.386368
460.679 0.416287
460.952 0.446385
461.224 0.47667
461.497 0.507137
461.77 0.537783
462.042 0.570132
462.315 0.610986
462.587 0.652101
462.86 0.693462
463.133 0.735075
463.405 0.776945
463.678 0.819059
463.95 0.861387
464.223 0.912435
464.496 0.965687
464.768 1.01924
465.041 1.07306
465.314 1.12692
465.586 1.1811
465.859 1.23556
466.131 1.29503
466.404 1.35996
466.677 1.42521
466.949 1.49075
467.222 1.55663
467.494 1.62275
467.767 1.68927
468.04 1.7573
468.312 1.83308
468.585 1.90917
468.857 1.98562
469.13 2.06241
469.403 2.13959
469.675 2.21679
469.948 2.29492
470.221 2.3783
470.493 2.46358
470.766 2.54909
471.038 2.63489
471.311 2.72114
471.584 2.80792
471.856 2.89485
472.129 2.984
472.401 3.07554
472.674 3.16748
472.947 3.25963
473.219 3.35236
473.492 3.44533
473.764 3.53857
474.037 3.63224
474.31 3.72702
474.582 3.82199
474.855 3.91702
475.127 4.01281
475.4 4.10919
475.673 4.20607
475.945 4.30316
476.218 4.39879
476.491 4.49529
476.763 4.59229
477.036 4.69002
477.308 4.78862
477.581 4.88847
477.854 4.98879
478.126 5.08774
478.399 5.1855
478.671 5.28384
478.944 5.3827
479.217 5.48214
479.489 5.58173
479.762 5.68176
480.034 5.78199
480.307 5.87839
480.58 5.97488
480.852 6.07175
481.125 6.16936
481.397 6.26721
481.67 6.36521
481.943 6.46383
482.215 6.55776
482.488 6.65053
482.761 6.74346
483.033 6.83685
483.306 6.93088
483.578 7.02554
483.851 7.12037
484.124 7.212
484.396 7.30038
484.669 7.38911
484.941 7.47808
485.214 7.56644
485.487 7.65531
485.759 7.74405
486.032 7.83305
486.304 7.91549
486.577 7.99786
486.85 8.08074
487.122 8.16326
487.395 8.24673
487.667 8.33031
487.94 8.41371
488.213 8.49207
488.485 8.5686
488.758 8.64577
489.031 8.7228
489.303 8.80024
489.576 8.87772
489.848 8.95562
490.121 9.0306
490.394 9.10157
490.666 9.17306
490.939 9.24467
491.211 9.31649
491.484 9.38863
491.757 9.46103
492.029 9.53294
492.302 9.59988
492.574 9.66701
492.847 9.73407
493.12 9.80122
493.392 9.86862
493.665 9.93627
493.937 10.0041
494.21 10.0678
494.483 10.1304
494.755 10.1932
495.028 10.256
495.301 10.3185
495.573 10.3812
495.846 10.444
496.118 10.5046
496.391 10.5624
496.664 10.6203
496.936 10.6785
497.209 10.7367
497.481 10.7947
497.754 10.8527
498.027 10.9103
498.299 10.9638
498.572 11.0173
498.844 11.0708
499.117 11.1244
499.39 11.1778
499.662 11.2313
499.935 11.2849
500.207 11.3327
500.48 11.3788
500.753 11.4253
501.025 11.4713
501.298 11.5178
501.571 11.564
501.843 11.6098
502.116 11.6537
502.388 11.6999
502.661 11.7397
502.934 11.782
503.206 11.8274
503.479 11.864
503.751 11.9017
504.024 11.9476
504.297 11.992
504.569 12.0354
504.842 12.0879
505.114 12.1305
505.387 12.1765
505.66 12.2195
505.932 12.2614
506.205 12.3106
506.477 12.3617
506.75 12.3917
507.023 12.4451
507.295 12.4897
507.568 12.5372
507.841 12.5747
508.113 12.62
508.386 12.6709
508.658 12.7089
508.931 12.7552
509.204 12.8013
509.476 12.8373
509.749 12.8854
510.021 12.9297
510.294 12.9677
510.567 13.0109
510.839 13.0516
511.112 13.0913
511.384 13.1316
511.657 13.1724
511.93 13.2122
512.202 13.2472
512.475 13.2804
512.747 13.3137
513.02 13.3471
513.293 13.3802
513.565 13.4134
513.838 13.4465
514.111 13.4791
514.383 13.5111
514.656 13.5431
514.928 13.5745
515.201 13.6059
515.474 13.6371
515.746 13.6685
516.019 13.6996
516.291 13.73
516.564 13.7603
516.837 13.7906
517.109 13.821
517.382 13.8514
517.654 13.882
517.927 13.9124
518.2 13.9418
518.472 13.9708
518.745 14.0003
519.017 14.0298
519.29 14.059
519.563 14.0884
519.835 14.1177
520.108 14.1541
520.381 14.2012
520.653 14.2481
520.926 14.2948
521.198 14.342
521.471 14.389
521.744 14.4358
522.016 14.4819
522.289 14.5104
522.561 14.5384
522.834 14.5668
523.107 14.5949
523.379 14.6227
523.652 14.6504
523.924 14.6785
524.197 14.7042
524.47 14.731
524.742 14.7574
525.015 14.7847
525.287 14.8124
525.56 14.8411
525.833 14.8702
526.105 14.8977
526.378 14.9246
526.651 14.9512
526.923 14.9781
527.196 15.0047
527.468 15.033
527.741 15.0601
528.014 15.0875
528.286 15.1142
528.559 15.1404
528.831 15.1668
529.104 15.194
529.377 15.2212
529.649 15.2482
529.922 15.275
530.194 15.3021
530.467 15.3284
530.74 15.355
531.012 15.3824
531.285 15.4093
531.557 15.4367
531.83 15.4642
532.103 15.4921
532.375 15.5198
532.648 15.5476
532.921 15.5753
533.193 15.6035
533.466 15.6322
533.738 15.6612
534.011 15.6904
534.284 15.7189
534.556 15.7475
534.829 15.777
535.101 15.8068
535.374 15.838
535.647 15.8691
535.919 15.9002
536.192 15.9307
536.464 15.9603
536.737 15.9905
537.01 16.0201
537.282 16.0502
537.555 16.0794
537.827 16.1089
538.1 16.1379
538.373 16.1657
538.645 16.1938
538.918 16.2226
539.191 16.2499
539.463 16.2781
539.736 16.3055
540.008 16.3324
540.281 16.3606
540.554 16.3909
540.826 16.415
541.099 16.4406
541.371 16.4712
541.644 16.4985
541.917 16.5312
542.189 16.5541
542.462 16.5858
542.734 16.6175
543.007 16.6455
543.28 16.6726
543.552 16.6981
543.825 16.7211
544.097 16.758
544.37 16.7831
544.643 16.8145
544.915 16.8385
545.188 16.8675
545.461 16.8978
545.733 16.9178
546.006 16.9448
546.278 16.9726
546.551 17.0015
546.824 17.0299
547.096 17.0571
547.369 17.0868
547.641 17.1154
547.914 17.1373
548.187 17.1687
548.459 17.1954
548.732 17.2223
549.004 17.2504
549.277 17.2765
549.55 17.3029
549.822 17.3298
550.095 17.3537
550.368 17.3703
550.64 17.3878
550.913 17.4035
551.185 17.4198
551.458 17.4371
551.731 17.4534
552.003 17.4704
552.276 17.4866
552.548 17.5024
552.821 17.519
553.094 17.5345
553.366 17.5501
553.639 17.566
553.911 17.582
554.184 17.5976
554.457 17.613
554.729 17.628
555.002 17.6428
555.274 17.6591
555.547 17.6754
555.82 17.6915
556.092 17.707
556.365 17.7225
556.638 17.7383
556.91 17.7536
557.183 17.7686
557.455 17.784
557.728 17.7991
558.001 17.8139
558.273 17.8284
558.546 17.8425
558.818 17.8563
559.091 17.8704
559.364 17.8847
559.636 17.8986
559.909 17.9127
560.181 17.9287
560.454 17.9461
560.727 17.9633
560.999 17.9799
561.272 17.9971
561.544 18.0143
561.817 18.0309
562.09 18.0479
562.362 18.0651
562.635 18.082
562.908 18.0989
563.18 18.1162
563.453 18.1332
563.725 18.1508
563.998 18.1673
564.271 18.1841
564.543 18.2016
564.816 18.2185
565.088 18.2348
565.361 18.2522
565.634 18.2685
565.906 18.2861
566.179 18.3025
566.451 18.319
566.724 18.3348
566.997 18.3523
567.269 18.3668
567.542 18.3814
567.814 18.3982
568.087 18.4136
568.36 18.4227
568.632 18.4282
568.905 18.4415
569.178 18.4546
569.45 18.4704
569.723 18.5016
569.995 18.4957
570.268 18.5255
570.541 18.5478
570.813 18.566
571.086 18.5839
571.358 18.5925
571.631 18.6089
571.904 18.6198
572.176 18.6246
572.449 18.6453
572.721 18.6676
572.994 18.6803
573.267 18.7028
573.539 18.7209
573.812 18.7254
574.084 18.7568
574.357 18.77
574.63 18.7751
574.902 18.8114
575.175 18.8314
575.448 18.8371
575.72 18.8612
575.993 18.8766
576.265 18.896
576.538 18.9135
576.811 18.9336
577.083 18.9527
577.356 18.9661
577.628 18.9957
577.901 19.0154
578.174 19.0385
578.446 19.0598
578.719 19.0864
578.991 19.1102
579.264 19.1376
579.537 19.1651
579.809 19.1951
580.082 19.223
580.354 19.2526
580.627 19.2779
580.9 19.3072
581.172 19.3344
581.445 19.3599
581.718 19.385
581.99 19.411
582.263 19.4355
582.535 19.4592
582.808 19.483
583.081 19.5052
583.353 19.528
583.626 19.5491
583.898 19.572
584.171 19.5927
584.444 19.614
584.716 19.634
584.989 19.6557
585.261 19.6744
585.534 19.6995
585.807 19.7236
586.079 19.7385
586.352 19.7612
586.624 19.7791
586.897 19.8044
587.17 19.8114
587.442 19.8426
587.715 19.8324
587.988 19.8746
588.26 19.8366
588.533 19.8573
588.805 19.7868
589.078 19.8566
589.351 19.8534
589.623 19.9525
589.896 19.8841
590.168 19.8897
590.441 19.9501
590.714 20.0507
590.986 19.999
591.259 20.0421
591.531 20.0559
591.804 20.0888
592.077 19.9577
592.349 20.1072
592.622 20.0469
592.894 20.1852
593.167 20.2114
593.44 20.1598
593.712 20.246
593.985 20.2604
594.258 20.1328
594.53 20.1715
594.803 20.159
595.075 20.2334
595.348 20.33
595.621 20.3431
595.893 20.2775
596.166 20.3679
596.438 20.3924
596.711 20.3838
596.984 20.336
597.256 20.4111
597.529 20.4638
597.801 20.3964
598.074 20.47
598.347 20.4961
598.619 20.5026
598.892 20.522
599.164 20.5201
599.437 20.5523
599.71 20.5772
599.982 20.5924
600.255 20.5946
600.528 20.6099
600.8 20.6312
601.073 20.6364
601.345 20.6479
601.618 20.652
601.891 20.6671
602.163 20.6798
602.436 20.6903
602.708 20.7033
602.981 20.712
603.254 20.7246
603.526 20.7383
603.799 20.7501
604.071 20.7624
604.344 20.7749
604.617 20.7868
604.889 20.7989
605.162 20.8108
605.434 20.8229
605.707 20.8342
605.98 20.8456
606.252 20.858
606.525 20.8704
606.798 20.882
607.07 20.8948
607.343 20.9076
607.615 20.9203
607.888 20.9329
608.161 20.9451
608.433 20.958
608.706 20.9711
608.978 20.9832
609.251 20.9966
609.524 21.0101
609.796 21.0232
610.069 21.0358
610.341 21.049
610.614 21.0621
610.887 21.0745
611.159 21.0878
611.432 21.1005
611.704 21.1127
611.977 21.1251
612.25 21.1382
612.522 21.1507
612.795 21.1628
613.068 21.1749
613.34 21.1867
613.613 21.1988
613.885 21.2114
614.158 21.2235
614.431 21.2351
614.703 21.2472
614.976 21.2589
615.248 21.2692
615.521 21.2793
615.794 21.2895
616.066 21.2993
616.339 21.3086
616.611 21.318
616.884 21.3278
617.157 21.3366
617.429 21.3458
617.702 21.3551
617.974 21.3639
618.247 21.3725
618.52 21.381
618.792 21.3895
619.065 21.3983
619.338 21.4064
619.61 21.4142
619.883 21.4217
620.155 21.4305
620.428 21.4393
620.701 21.447
620.973 21.4555
621.246 21.4642
621.518 21.4727
621.791 21.4803
622.064 21.4879
622.336 21.4954
622.609 21.5026
622.881 21.5103
623.154 21.5175
623.427 21.5253
623.699 21.5327
623.972 21.5401
624.245 21.5469
624.517 21.5538
624.79 21.5604
625.062 21.5668
625.335 21.5724
625.608 21.5764
625.88 21.5812
626.153 21.5814
626.425 21.5882
626.698 21.5921
626.971 21.5867
627.243 21.5988
627.516 21.5985
627.788 21.1339
628.061 20.5032
628.334 20.9729
628.606 21.4809
628.879 21.5274
629.151 21.3765
629.424 21.3017
629.697 21.2859
629.969 21.3035
630.242 21.5377
630.515 21.5114
630.787 21.4461
631.06 21.6087
631.332 21.6127
631.605 21.5959
631.878 21.6999
632.15 21.6459
632.423 21.7114
632.695 21.727
632.968 21.7553
633.241 21.7649
633.513 21.7758
633.786 21.7946
634.058 21.8118
634.331 21.8087
634.604 21.8378
634.876 21.8347
635.149 21.8541
635.421 21.8692
635.694 21.8819
635.967 21.8887
636.239 21.8969
636.512 21.9182
636.785 21.9295
637.057 21.9335
637.33 21.9399
637.602 21.9589
637.875 21.9731
638.148 21.982
638.42 21.988
638.693 22.0018
638.965 22.0125
639.238 22.0202
639.511 22.0318
639.783 22.0429
640.056 22.0518
640.328 22.0588
640.601 22.0661
640.874 22.072
641.146 22.0774
641.419 22.088
641.691 22.0924
641.964 22.0987
642.237 22.1049
642.509 22.1133
642.782 22.112
643.055 22.1252
643.327 22.1275
643.6 22.1252
643.872 22.1442
644.145 22.1414
644.418 22.1455
644.69 22.1502
644.963 22.1528
645.235 22.164
645.508 22.16
645.781 22.1733
646.053 22.1414
646.326 22.1738
646.598 22.1546
646.871 22.1467
647.144 22.1508
647.416 22.1432
647.689 22.0271
647.961 22.1818
648.234 22.1249
648.507 22.0975
648.779 22.184
649.052 22.22
649.325 22.1772
649.597 22.1893
649.87 22.171
650.142 22.2958
650.415 22.2766
650.688 22.2874
650.96 22.2678
651.233 22.3157
651.505 22.2522
651.778 22.0204
652.051 22.2307
652.323 22.3257
652.596 22.2692
652.868 22.3409
653.141 22.3421
653.414 22.2962
653.686 22.3126
653.959 22.3479
654.231 22.3689
654.504 22.2507
654.777 22.3699
655.049 22.2825
655.322 22.3082
655.595 22.3497
655.867 22.3392
656.14 22.3746
656.412 22.3654
656.685 22.3448
656.958 22.3803
657.23 22.3935
657.503 22.3552
657.775 22.3353
658.048 22.4157
658.321 22.3952
658.593 22.4022
658.866 22.3789
659.138 22.4226
659.411 22.4224
659.684 22.4198
659.956 22.4298
660.229 22.4145
660.501 22.422
660.774 22.4287
661.047 22.4349
661.319 22.4251
661.592 22.4361
661.865 22.4337
662.137 22.435
662.41 22.4324
662.682 22.435
662.955 22.4294
663.228 22.4358
663.5 22.4323
663.773 22.4356
664.045 22.4352
664.318 22.4322
664.591 22.4315
664.863 22.4358
665.136 22.4346
665.408 22.4385
665.681 22.4412
665.954 22.4446
666.226 22.4452
666.499 22.4479
666.771 22.4501
667.044 22.4549
667.317 22.4555
667.589 22.4594
667.862 22.4622
668.135 22.4648
668.407 22.4668
668.68 22.468
668.952 22.4711
669.225 22.4737
669.498 22.4758
669.77 22.4779
670.043 22.48
670.315 22.4823
670.588 22.4845
670.861 22.4865
671.133 22.4887
671.406 22.4909
671.678 22.4931
671.951 22.4952
672.224 22.4973
672.496 22.4992
672.769 22.5015
673.041 22.5034
673.314 22.5053
673.587 22.5072
673.859 22.5092
674.132 22.511
674.405 22.5127
674.677 22.5144
674.95 22.5162
675.222 22.5155
675.495 22.5143
675.768 22.513
676.04 22.5117
676.313 22.5106
676.585 22.5093
676.858 22.5081
677.131 22.5067
677.403 22.5054
677.676 22.504
677.948 22.5026
678.221 22.501
678.494 22.499
678.766 22.4972
679.039 22.4954
679.311 22.4936
679.584 22.4916
679.857 22.4889
680.129 22.4861
680.402 22.4823
680.675 22.4771
680.947 22.4729
681.22 22.4694
681.492 22.4635
681.765 22.4592
682.038 22.456
682.31 22.4508
682.583 22.4435
682.855 22.4404
683.128 22.4359
683.401 22.4319
683.673 22.4279
683.946 22.423
684.218 22.4164
684.491 22.4104
684.764 22.4078
685.036 22.4043
685.309 22.3969
685.581 22.3821
685.854 22.3778
686.127 22.3661
686.399 22.3549
686.672 22.3293
686.945 16.0568
687.217 15.0629
687.49 17.0637
687.762 17.3402
688.035 19.5576
688.308 21.5038
688.58 21.0427
688.853 19.2072
689.125 18.75
689.398 18.7654
689.671 20.4402
689.943 20.1833
690.216 19.0759
690.488 20.8597
690.761 20.6918
691.034 19.9246
691.306 22.0991
691.579 20.3235
691.851 22.0845
692.124 20.7637
692.397 21.5609
692.669 21.5337
692.942 21.7438
693.215 21.4944
693.487 21.8599
693.76 21.6876
694.032 21.744
694.305 21.3826
694.578 21.8708
694.85 21.6712
695.123 21.8752
695.395 21.9313
695.668 21.8675
695.941 21.6285
696.213 21.608
696.486 22.0017
696.758 21.9298
697.031 21.9957
697.304 21.9026
697.576 21.9606
697.849 21.8886
698.121 21.9327
698.394 21.8786
698.667 21.8765
698.939 21.6937
699.212 21.5854
699.485 21.6319
699.757 21.8604
700.03 21.5954
700.302 21.8236
700.575 21.6056
700.848 21.7093
701.12 21.7491
701.393 21.6753
701.665 21.6801
701.938 21.5491
702.211 21.6862
702.483 21.5743
702.756 21.6341
703.028 21.4739
703.301 21.7245
703.574 21.733
703.846 21.5789
704.119 21.5058
704.392 21.658
704.664 21.6526
704.937 21.6046
705.209 21.5366
705.482 21.5093
705.755 21.5852
706.027 21.5462
706.3 21.555
706.572 21.5453
706.845 21.5156
707.118 21.5675
707.39 21.5411
707.663 21.5278
707.935 21.4905
708.208 21.4804
708.481 21.5362
708.753 21.5148
709.026 21.4584
709.298 21.4939
709.571 21.474
709.844 21.4676
710.116 21.4457
710.389 21.4374
710.662 21.4476
710.934 21.4206
711.207 21.4136
711.479 21.42
711.752 21.4172
712.025 21.3817
712.297 21.3977
712.57 21.3803
712.842 21.3824
713.115 21.3241
713.388 21.3433
713.66 21.3436
713.933 21.3003
714.205 21.3134
714.478 21.2891
714.751 21.29
715.023 21.2297
715.296 21.1878
715.568 21.2673
715.841 21.2152
716.114 21.1789
716.386 21.1875
716.659 21.082
716.932 20.5418
717.204 20.6463
717.477 20.0677
717.749 20.786
718.022 19.9334
718.295 20.2244
718.567 19.6775
718.84 18.879
719.112 21.0968
719.385 19.6012
719.658 19.7899
719.93 20.2982
720.203 19.3497
720.475 20.7553
720.748 19.183
721.021 20.8228
721.293 20.8488
721.566 21.0801
721.838 20.7593
722.111 20.9528
722.384 21.0343
722.656 20.5994
722.929 20.6177
723.202 20.9762
723.474 19.8705
723.747 19.2394
724.019 20.9312
724.292 19.5353
724.565 19.8301
724.837 20.2569
725.11 20.587
725.382 19.8113
725.655 20.1185
725.928 20.3326
726.2 20.6008
726.473 20.4536
726.745 19.3519
727.018 20.8164
727.291 20.5265
727.563 19.8415
727.836 19.0548
728.108 20.4135
728.381 20.487
728.654 20.7363
728.926 20.0033
729.199 19.6852
729.472 20.2317
729.744 20.2707
730.017 20.6464
730.289 20.2059
730.562 19.4874
730.835 20.6016
731.107 19.9693
731.38 20.232
731.652 20.3545
731.925 20.0634
732.198 20.2492
732.47 20.5155
732.743 20.5227
733.015 20.3537
733.288 20.4257
733.561 20.2456
733.833 20.3903
734.106 20.5077
734.378 20.4872
734.651 20.2986
734.924 20.4172
735.196 20.2516
735.469 20.406
735.742 20.3767
736.014 20.332
736.287 20.2355
736.559 20.2881
736.832 20.3156
737.105 20.1763
737.377 20.3189
737.65 20.339
737.922 20.2748
738.195 20.3347
738.468 20.1497
738.74 20.3229
739.013 20.2984
739.285 20.1586
739.558 20.2834
739.831 20.1649
740.103 20.2528
740.376 20.242
740.648 20.2249
740.921 20.1921
741.194 20.156
741.466 20.1901
741.739 20.144
742.012 20.1606
742.284 20.1272
742.557 20.1083
742.829 20.0976
743.102 20.0976
743.375 20.0835
743.647 20.0688
743.92 20.0541
744.192 20.0283
744.465 20.0238
744.738 20.0099
745.01 19.9959
745.283 19.9746
745.555 19.9599
745.828 19.9421
746.101 19.9233
746.373 19.9105
746.646 19.894
746.918 19.874
747.191 19.8582
747.464 19.8431
747.736 19.8261
748.009 19.8087
748.282 19.7926
748.554 19.7764
748.827 19.7601
749.099 19.7429
749.372 19.7273
749.645 19.7099
749.917 19.6946
750.19 19.6754
750.462 19.6547
750.735 19.6345
751.008 19.615
751.28 19.5954
751.553 19.5752
751.825 19.554
752.098 19.5349
752.371 19.5147
752.643 19.4948
752.916 19.4746
753.188 19.4543
753.461 19.4344
753.734 19.4142
754.006 19.3938
754.279 19.3737
754.552 19.3538
754.824 19.3336
755.097 19.3151
755.369 19.3006
755.642 19.286
755.915 19.2711
756.187 19.2562
756.46 19.2417
756.732 19.2268
757.005 19.212
757.278 19.1971
757.55 19.182
757.823 19.1671
758.095 19.1523
758.368 19.1361
758.641 19.1192
758.913 19.0938
759.186 19.0469
759.458 17.7902
759.731 8.10252
760.004 8.03988
760.276 5.88992
760.549 4.11367
760.822 5.48698
761.094 5.8615
761.367 7.34423
761.639 9.61447
761.912 15.2904
762.185 15.0909
762.457 11.8289
762.73 11.6214
763.002 7.36506
763.275 10.2925
763.548 12.545
763.82 7.52938
764.093 12.3231
764.365 12.3294
764.638 9.29537
764.911 17.1349
765.183 10.1662
765.456 17.768
765.728 11.9037
766.001 17.6441
766.274 13.7173
766.546 18.1911
766.819 14.6385
767.092 18.5241
767.364 15.519
767.637 18.5765
767.909 16.4394
768.182 18.5775
768.455 17.5028
768.727 18.1992
769 18.1373
769.272 18.0186
769.545 18.4996
769.818 18.016
770.09 18.4787
770.363 18.3751
770.635 18.367
770.908 18.4718
771.181 18.3721
771.453 18.4242
771.726 18.4189
771.998 18.3742
772.271 18.3723
772.544 18.3789
772.816 18.3507
773.089 18.3513
773.362 18.3364
773.634 18.3138
773.907 18.3253
774.179 18.2942
774.452 18.2979
774.725 18.2737
774.997 18.2721
775.27 18.2484
775.542 18.2396
775.815 18.2189
776.088 18.2077
776.36 18.1894
776.633 18.1759
776.905 18.1594
777.178 18.1435
777.451 18.1283
777.723 18.1114
777.996 18.0966
778.269 18.0808
778.541 18.0654
778.814 18.05
779.086 18.0342
779.359 18.0175
779.632 18.0034
779.904 17.9881
780.177 17.9714
780.449 17.9514
780.722 17.9357
780.995 17.9176
781.267 17.8997
781.54 17.8821
781.812 17.864
782.085 17.8451
782.358 17.8278
782.63 17.8108
782.903 17.7925
783.175 17.7753
783.448 17.7566
783.721 17.7402
783.993 17.7195
784.266 17.6969
784.539 17.6882
784.811 17.6564
785.084 17.6495
785.356 17.6349
785.629 17.6018
785.902 17.6017
786.174 17.5786
786.447 17.5557
786.719 17.4883
786.992 17.5253
787.265 17.4784
787.537 17.4759
787.81 17.3931
788.082 17.4516
788.355 17.3982
788.628 17.4097
788.9 17.3398
789.173 17.3539
789.445 17.2232
789.718 17.1699
789.991 17.3496
790.263 17.2028
790.536 17.2189
790.809 17.2971
791.081 17.1146
791.354 17.2036
791.626 17.2479
791.899 17.1087
792.172 17.09
792.444 17.1931
792.717 17.0979
792.989 17.0327
793.262 17.0902
793.535 17.1194
793.807 17.1133
794.08 17.095
794.352 17.0577
794.625 17.0629
794.898 17.0064
795.17 17.0218
795.443 16.9828
795.715 16.9603
795.988 16.8704
796.261 16.798
796.533 16.7524
796.806 16.9234
797.079 16.8384
797.351 16.8306
797.624 16.8552
797.896 16.8567
798.169 16.8183
798.442 16.8368
798.714 16.7275
798.987 16.779
799.259 16.7631
799.532 16.7513
799.805 16.7479
800.077 16.6634
800.35 16.6182
800.622 16.69
800.895 16.529
801.168 16.7016
801.44 16.5494
801.713 16.6357
801.985 16.6266
802.258 16.6098
802.531 16.5129
802.803 16.5862
803.076 16.5056
803.349 16.5944
803.621 16.5013
803.894 16.5129
804.166 16.5359
804.439 16.487
804.712 16.4319
804.984 16.5302
805.257 16.5277
805.529 16.4768
805.802 16.4949
806.075 16.4704
806.347 16.4654
806.62 16.4276
806.892 16.4563
807.165 16.3976
807.438 16.432
807.71 16.4056
807.983 16.3973
808.255 16.3681
808.528 16.3852
808.801 16.287
809.073 16.3633
809.346 16.3073
809.619 16.2854
809.891 16.255
810.164 16.272
810.436 16.2422
810.709 16.2703
810.982 16.1768
811.254 16.192
811.527 16.0121
811.799 16.2302
812.072 16.1355
812.345 16.0524
812.617 16.0447
812.89 16.0472
813.162 15.8927
813.435 15.9848
813.708 15.2687
813.98 15.9462
814.253 15.6275
814.525 15.473
814.798 15.8013
815.071 15.0206
815.343 15.7082
815.616 14.8703
815.889 15.7065
816.161 15.7227
816.434 14.1151
816.706 14.5763
816.979 15.6099
817.252 14.5765
817.524 15.9464
817.797 14.8966
818.069 14.445
818.342 15.2354
818.615 15.8464
818.887 15.3344
819.16 14.6963
819.432 15.0145
819.705 15.8715
819.978 14.7538
820.25 15.1362
820.523 15.9036
820.795 15.8436
821.068 15.7951
821.341 15.517
821.613 15.7982
821.886 15.802
822.159 15.3768
822.431 15.5163
822.704 15.1262
822.976 12.3867
823.249 14.0487
823.522 14.7743
823.794 15.63
824.067 15.5556
824.339 15.5845
824.612 14.9052
824.885 15.7522
825.157 15.7468
825.43 15.5008
825.702 15.7077
825.975 14.7842
826.248 15.2822
826.52 15.3751
826.793 15.6755
827.065 15.6499
827.338 15.2685
827.611 14.6946
827.883 15.0941
828.156 15.0894
828.429 14.7382
828.701 15.6194
828.974 14.5322
829.246 15.2048
829.519 15.1058
829.792 15.0881
830.064 15.5574
830.337 15.0504
830.609 14.6843
830.882 15.329
831.155 15.4991
831.427 15.1854
831.7 15.3775
831.972 14.7489
832.245 14.7761
832.518 15.1184
832.79 15.4226
833.063 15.2305
833.335 15.2192
833.608 15.2015
833.881 15.3013
834.153 14.9236
834.426 15.2919
834.699 15.3797
834.971 15.3617
835.244 15.2059
835.516 15.2331
835.789 15.2796
836.062 15.1479
836.334 15.1803
836.607 15.3231
836.879 15.1943
837.152 15.3125
837.425 15.3098
837.697 15.1988
837.97 15.1609
838.242 15.3025
838.515 15.2586
838.788 15.1948
839.06 15.2439
839.333 15.2882
839.605 15.2106
839.878 15.2211
840.151 15.2439
840.423 15.2373
840.696 15.17
840.969 15.1883
841.241 15.1538
841.514 15.2174
841.786 15.1486
842.059 15.1368
842.332 15.191
842.604 15.1853
842.877 15.1655
843.149 15.1461
843.422 15.1188
843.695 15.139
843.967 15.0705
844.24 15.1197
844.512 15.1029
844.785 15.0968
845.058 15.1052
845.33 15.0719
845.603 15.0762
845.875 15.0589
846.148 15.0144
846.421 15.021
846.693 15.0155
846.966 15.002
847.239 14.9816
847.511 14.9696
847.784 14.9506
848.056 14.9253
848.329 14.9019
848.602 14.9067
848.874 14.8717
849.147 14.8749
849.419 14.8484
849.692 14.841
849.965 14.8207
850.237 14.8101
850.51 14.7956
850.782 14.7754
851.055 14.7818
851.328 14.718
851.6 14.7356
851.873 14.731
852.145 14.6958
852.418 14.704
852.691 14.6937
852.963 14.6738
853.236 14.66
853.509 14.6482
853.781 14.6117
854.054 14.6208
854.326 14.5674
854.599 14.592
854.872 14.564
855.144 14.5619
855.417 14.5563
855.689 14.5278
855.962 14.5324
856.235 14.5325
856.507 14.5188
856.78 14.5164
857.052 14.501
857.325 14.486
857.598 14.4773
857.87 14.4767
858.143 14.4726
858.416 14.4591
858.688 14.4556
858.961 14.4451
859.233 14.4281
859.506 14.4285
859.779 14.4219
860.051 14.4144
860.324 14.4044
860.596 14.3974
860.869 14.3862
861.142 14.3765
861.414 14.3681
861.687 14.3614
861.959 14.3519
862.232 14.3419
862.505 14.332
862.777 14.3201
863.05 14.3128
863.322 14.3041
863.595 14.2957
863.868 14.2849
864.14 14.2772
864.413 14.268
864.686 14.2578
864.958 14.2485
865.231 14.2342
865.503 14.2209
865.776 14.2051
866.049 14.1921
866.321 14.1774
866.594 14.1631
866.866 14.148
867.139 14.134
867.412 14.1192
867.684 14.1046
867.957 14.09
868.229 14.0755
868.502 14.0603
868.775 14.0455
869.047 14.0289
869.32 14.0138
869.592 13.9997
869.865 13.9851
870.138 13.9695
870.41 13.955
870.683 13.9404
870.956 13.9246
871.228 13.9107
871.501 13.8959
871.773 13.8811
872.046 13.8664
872.319 13.8521
872.591 13.8377
872.864 13.8233
873.136 13.8086
873.409 13.7944
873.682 13.7782
873.954 13.7651
874.227 13.7504
874.499 13.7346
874.772 13.7202
875.045 13.7041
875.317 13.6916
875.59 13.6782
875.862 13.6642
876.135 13.648
876.408 13.636
876.68 13.6228
876.953 13.609
877.226 13.594
877.498 13.5816
877.771 13.5681
878.043 13.5544
878.316 13.5343
878.589 13.524
878.861 13.5075
879.134 13.4978
879.406 13.4811
879.679 13.4694
879.952 13.4551
880.224 13.4303
880.497 13.4072
880.769 13.3952
881.042 13.377
881.315 13.3438
881.587 13.3374
881.86 13.3179
882.132 13.2791
882.405 13.2707
882.678 13.26
882.95 13.2408
883.223 13.218
883.496 13.191
883.768 13.1711
884.041 13.1584
884.313 13.1423
884.586 13.1235
884.859 13.0964
885.131 13.0824
885.404 13.0491
885.676 13.0428
885.949 12.9807
886.222 12.9714
886.494 12.9825
886.767 12.9355
887.039 12.9343
887.312 12.9209
887.585 12.8978
887.857 12.8809
888.13 12.787
888.402 12.8252
888.675 12.8221
888.948 12.8005
889.22 12.7817
889.493 12.759
889.766 12.7237
890.038 12.6973
890.311 12.6731
890.583 12.6813
890.856 12.6459
891.129 12.6279
891.401 12.6048
891.674 12.5968
891.946 12.4954
892.219 12.5244
892.492 12.527
892.764 12.5093
893.037 12.3471
893.309 12.3026
893.582 12.2648
893.855 12.4019
894.127 12.374
894.4 12.1297
894.672 12.3337
894.945 12.0401
895.218 12.1185
895.49 11.9594
895.763 11.4249
896.036 12.0365
896.308 12.1985
896.581 10.971
896.853 11.184
897.126 12.1331
897.399 10.8977
897.671 11.3955
897.944 11.9668
898.216 10.8538
898.489 11.9741
898.762 11.8073
899.034 9.4344
899.307 9.66669
899.579 11.4429
899.852 11.954
900.125 11.6465
900.397 10.3602
900.67 10.676
900.942 10.9455
901.215 11.6636
901.488 10.8332
901.76 11.5186
902.033 9.90879
902.306 11.7255
902.578 10.6569
902.851 10.3164
903.123 11.523
903.396 11.171
903.669 11.6048
903.941 11.656
904.214 11.4787
904.486 11.0512
904.759 11.5855
905.032 11.3837
905.304 11.435
905.577 10.8874
905.849 11.4666
906.122 11.4209
906.395 10.6076
906.667 10.9611
906.94 11.3077
907.212 10.1154
907.485 9.98543
907.758 10.7124
908.03 11.042
908.303 9.43889
908.576 11.1764
908.848 9.54667
909.121 10.8739
909.393 10.6161
909.666 10.3735
909.939 10.9937
910.211 9.41983
910.484 10.9595
910.756 10.1433
911.029 9.90059
911.302 10.8944
911.574 10.8332
911.847 10.5362
912.119 9.18563
912.392 10.782
912.665 10.5476
912.937 10.5174
913.21 9.03332
913.482 10.3897
913.755 9.4463
914.028 9.39014
914.3 10.4452
914.573 10.2799
914.846 10.4473
915.118 10.357
915.391 9.50365
915.663 9.2633
915.936 9.14955
916.209 10.0147
916.481 10.2286
916.754 10.2381
917.026 9.87364
917.299 10.1154
917.572 8.91646
917.844 9.09367
918.117 10.0461
918.389 10.039
918.662 9.27536
918.935 10.11
919.207 10.0803
919.48 9.82422
919.752 9.21205
920.025 10.0459
920.298 10.0196
920.57 10.0206
920.843 9.75292
921.116 9.73523
921.388 9.90529
921.661 9.40852
921.933 9.32371
922.206 9.83686
922.479 9.72041
922.751 9.49632
923.024 9.69779
923.296 9.5276
923.569 9.57289
923.842 9.37127
924.114 9.22454
924.387 9.51446
924.659 9.1686
924.932 9.24
925.205 9.39924
925.477 9.13182
925.75 9.33026
926.022 9.361
926.295 8.9306
926.568 9.17595
926.84 9.25379
927.113 9.18894
927.386 9.14651
927.658 8.8292
927.931 8.97402
928.203 7.82594
928.476 8.9554
928.749 8.24125
929.021 8.32453
929.294 8.48619
929.566 8.4154
929.839 8.0454
930.112 7.85821
930.384 7.06238
930.657 7.70919
930.929 7.75902
931.202 5.98152
931.475 8.23039
931.747 6.18266
932.02 5.3711
932.292 7.1694
932.565 5.9207
932.838 5.29451
933.11 6.86618
933.383 7.04972
933.656 4.55683
933.928 6.35372
934.201 5.37014
934.473 4.48945
934.746 2.91056
935.019 7.57013
935.291 7.73133
935.564 4.10867
935.836 6.40425
936.109 3.32314
936.382 7.39418
936.654 6.28127
936.927 5.75888
937.199 5.27743
937.472 4.41274
937.745 7.22049
938.017 5.15834
938.29 4.23088
938.563 6.77627
938.835 5.40632
939.108 6.92551
939.38 7.22274
939.653 7.52503
939.926 7.49892
940.198 6.10611
940.471 6.74699
940.743 7.01003
941.016 6.99296
941.289 5.19972
941.561 6.9462
941.834 7.31381
942.106 5.82847
942.379 6.16569
942.652 7.25475
942.924 4.07392
943.197 4.15831
943.469 6.7723
943.742 7.2639
944.015 4.79021
944.287 3.66977
944.56 4.98008
944.833 6.09009
945.105 6.77803
945.378 6.53708
945.65 5.12542
945.923 5.25648
946.196 4.89829
946.468 4.98383
946.741 6.19175
947.013 5.98383
947.286 5.45421
947.559 6.59303
947.831 5.09887
948.104 6.67403
948.376 2.69869
948.649 6.4566
948.922 6.07081
949.194 6.72942
949.467 6.08957
949.739 4.03988
950.012 5.17302
950.285 3.40928
950.557 5.5978
950.83 6.21325
951.103 6.47709
951.375 6.34499
951.648 5.92426
951.92 4.4483
952.193 5.16717
952.466 4.18558
952.738 5.45073
953.011 5.11821
953.283 5.74561
953.556 5.99803
953.829 5.0168
954.101 5.94475
954.374 5.54838
954.646 3.9567
954.919 5.61925
955.192 5.69122
955.464 5.59512
955.737 4.45698
956.009 4.48733
956.282 6.09177
956.555 4.91563
956.827 4.01411
957.1 5.39135
957.373 5.24634
957.645 5.95267
957.918 5.67788
958.19 4.92657
958.463 4.65697
958.736 5.67214
959.008 5.06444
959.281 4.1616
959.553 4.66657
959.826 5.30608
960.099 4.84008
960.371 5.56222
960.644 4.95009
960.916 4.92421
961.189 4.98139
961.462 5.61145
961.734 4.76471
962.007 5.17611
962.279 4.55107
962.552 4.94161
962.825 4.50377
963.097 5.25493
963.37 5.43676
963.643 5.40575
963.915 3.97124
964.188 5.01798
964.46 5.10727
964.733 4.36248
965.006 4.82072
965.278 5.17054
965.551 4.9542
965.823 4.99188
966.096 4.97365
966.369 4.32591
966.641 4.48605
966.914 4.89365
967.186 4.69792
967.459 4.82892
967.732 5.0643
968.004 5.03213
968.277 4.37726
968.549 4.86346
968.822 4.86977
969.095 4.87539
969.367 4.73868
969.64 4.79952
969.913 4.83469
970.185 4.64883
970.458 4.37323
970.73 4.73362
971.003 4.71292
971.276 4.55749
971.548 4.64693
971.821 4.20019
972.093 4.61363
972.366 4.57207
972.639 4.13453
972.911 4.47065
973.184 4.44518
973.456 4.35012
973.729 4.13048
974.002 3.90524
974.274 4.37248
974.547 3.83691
974.819 4.29552
975.092 3.88318
975.365 4.23511
975.637 3.94241
975.91 3.82845
976.183 4.00251
976.455 3.79202
976.728 3.91409
977 4.05865
977.273 4.05088
977.546 3.92339
977.818 3.91518
978.091 3.81358
978.363 3.83458
978.636 3.66779
978.909 3.79435
979.181 3.83444
979.454 3.56324
979.726 3.55187
979.999 3.76861
980.272 3.59633
980.544 3.41833
980.817 3.68823
981.089 3.65914
981.362 3.63358
981.635 3.56761
981.907 3.53538
982.18 3.55832
982.453 3.51527
982.725 3.3441
982.998 3.46182
983.27 3.46799
983.543 3.37925
983.816 3.41857
984.088 3.40487
984.361 3.37567
984.633 3.27412
984.906 3.31593
985.179 3.22328
985.451 3.27465
985.724 3.26841
985.996 3.23733
986.269 3.22412
986.542 3.20716
986.814 3.17407
987.087 3.14425
987.359 3.12117
987.632 3.06917
987.905 3.09622
988.177 3.05885
988.45 3.0515
988.723 3.02612
988.995 3.0048
989.268 2.98327
989.54 2.95791
989.813 2.93075
990.086 2.89814
990.358 2.88149
990.631 2.87419
990.903 2.85003
991.176 2.82046
991.449 2.8065
991.721 2.78315
991.994 2.76419
992.266 2.73553
992.539 2.71806
992.812 2.68267
993.084 2.66363
993.357 2.65077
993.629 2.62893
993.902 2.60834
994.175 2.58519
994.447 2.56228
994.72 2.54291
994.993 2.52053
995.265 2.49763
995.538 2.47653
995.81 2.45491
996.083 2.43291
996.356 2.4134
996.628 2.3925
996.901 2.36724
997.173 2.34899
997.446 2.32805
997.719 2.3065
997.991 2.2808
998.264 2.26362
998.536 2.24207
998.809 2.21743
999.082 2.19759
999.354 2.1774
999.627 2.15029
999.899 2.13433
1000.17 2.11149
1000.44 2.10185
1000.72 2.08715
1000.99 2.07217
1001.26 2.05515
1001.54 2.03952
1001.81 2.02152
1002.08 1.99811
1002.35 1.9932
1002.63 1.97717
1002.9 1.96642
1003.17 1.95217
1003.44 1.93703
1003.72 1.92195
1003.99 1.90068
1004.26 1.89174
1004.53 1.87328
1004.81 1.86185
1005.08 1.84481
1005.35 1.83015
1005.62 1.80912
1005.9 1.79776
1006.17 1.77995
1006.44 1.76527
1006.71 1.7475
1006.99 1.73271
1007.26 1.71492
1007.53 1.7
1007.81 1.68439
1008.08 1.66304
1008.35 1.65082
1008.62 1.63618
1008.9 1.61521
1009.17 1.60239
1009.44 1.57859
1009.71 1.56943
1009.99 1.55424
1010.26 1.53708
1010.53 1.52367
1010.8 1.50683
1011.08 1.4919
1011.35 1.47549
1011.62 1.45997
1011.89 1.44232
1012.17 1.42392
1012.44 1.41229
1012.71 1.39606
1012.98 1.38049
1013.26 1.36303
1013.53 1.3488
1013.8 1.33297
1014.08 1.31713
1014.35 1.29942
1014.62 1.28456
1014.89 1.26845
1015.17 1.25396
1015.44 1.23769
1015.71 1.21995
1015.98 1.2067
1016.26 1.19103
1016.53 1.17536
1016.8 1.15863
1017.07 1.14334
1017.35 1.12772
1017.62 1.11177
1017.89 1.09703
1018.16 1.08158
1018.44 1.06596
1018.71 1.04988
1018.98 1.0348
1019.25 1.01636
1019.53 1.00096
1019.8 0.988153
1020.07 0.974405
1020.35 0.964891
1020.62 0.956206
1020.89 0.947798
1021.16 0.938763
1021.44 0.930054
1021.71 0.91935
1021.98 0.912547
1022.25 0.903757
1022.53 0.894961
1022.8 0.885726
1023.07 0.875613
1023.34 0.868605
1023.62 0.858881
1023.89 0.846051
1024.16 0.842128
1024.43 0.833633
1024.71 0.82491
1024.98 0.816135
1025.25 0.806963
1025.52 0.798779
1025.8 0.789215
1026.07 0.78141
1026.34 0.772031
1026.62 0.764098
1026.89 0.755452
1027.16 0.746512
1027.43 0.73699
1027.71 0.728364
1027.98 0.720907
1028.25 0.712313
1028.52 0.702724
1028.8 0.694691
1029.07 0.686469
1029.34 0.677628
1029.61 0.669292
1029.89 0.660704
1030.16 0.651887
1030.43 0.643618
1030.7 0.635048
1030.98 0.626308
1031.25 0.617998
1031.52 0.608951
1031.79 0.600912
1032.07 0.592452
1032.34 0.583947
1032.61 0.575449
1032.89 0.566958
1033.16 0.558475
1033.43 0.549704
1033.7 0.541456
1033.98 0.533078
1034.25 0.52464
1034.52 0.516204
1034.79 0.507764
1035.07 0.499375
1035.34 0.490968
1035.61 0.482544
1035.88 0.47415
1036.16 0.465687
1036.43 0.457362
1036.7 0.44891
1036.97 0.440541
1037.25 0.432107
1037.52 0.423871
1037.79 0.415528
1038.06 0.407262
1038.34 0.398944
1038.61 0.390567
1038.88 0.382258
1039.16 0.373983
1039.43 0.365677
1039.7 0.357397
1039.97 0.349084
1040.25 0.345882
1040.52 0.343179
1040.79 0.340508
1041.06 0.337824
1041.34 0.335077
1041.61 0.332464
1041.88 0.329787
1042.15 0.327114
1042.43 0.324407
1042.7 0.321779
1042.97 0.319112
1043.24 0.316441
1043.52 0.313791
1043.79 0.311132
1044.06 0.308469
1044.33 0.305823
1044.61 0.30317
1044.88 0.300507
1045.15 0.29787
1045.43 0.295215
1045.7 0.292563
1045.97 0.28994
1046.24 0.287304
1046.52 0.28467
1046.79 0.282039
1047.06 0.279403
1047.33 0.27677
1047.61 0.274156
1047.88 0.27153
1048.15 0.26891
1048.42 0.266287
1048.7 0.263666
1048.97 0.260989
1049.24 0.258166
1049.51 0.25558
1049.79 0.253041
1050.06 0.25045
1050.33 0.247889
1050.6 0.245331
1050.88 0.242745
1051.15 0.240121
1051.42 0.237447
1051.7 0.234877
1051.97 0.232261
1052.24 0.229678
1052.51 0.227028
1052.79 0.224495
1053.06 0.221912
1053.33 0.219327
1053.6 0.216744
1053.88 0.214162
1054.15 0.211593
1054.42 0.209
1054.69 0.206404
1054.97 0.203831
1055.24 0.201252
1055.51 0.198674
1055.78 0.196088
1056.06 0.193516
1056.33 0.190947
1056.6 0.188377
1056.87 0.185809
1057.15 0.183232
1057.42 0.180673
1057.69 0.178123
1057.97 0.175546
1058.24 0.173019
1058.51 0.170463
1058.78 0.167934
1059.06 0.165352
1059.33 0.162873
1059.6 0.160355
1059.87 0.157847
1060.15 0.156019
1060.42 0.15488
1060.69 0.15372
1060.96 0.152554
1061.24 0.15133
1061.51 0.150227
1061.78 0.149065
1062.05 0.147903
1062.33 0.146608
1062.6 0.145567
1062.87 0.144335
1063.14 0.143221
1063.42 0.141984
1063.69 0.140866
1063.96 0.13973
1064.24 0.138578
1064.51 0.137424
1064.78 0.136057
1065.05 0.135059
1065.33 0.133956
1065.6 0.132862
1065.87 0.13164
1066.14 0.130614
1066.42 0.129468
1066.69 0.128439
1066.96 0.127159
1067.23 0.126262
1067.51 0.124952
1067.78 0.123843
1068.05 0.122769
1068.32 0.121825
1068.6 0.120737
1068.87 0.119739
1069.14 0.118711
1069.41 0.117298
1069.69 0.116615
1069.96 0.115421
1070.23 0.114167
1070.51 0.113425
1070.78 0.112301
1071.05 0.111227
1071.32 0.110217
1071.6 0.10907
1071.87 0.107887
1072.14 0.106912
1072.41 0.105659
1072.69 0.104606
1072.96 0.103623
1073.23 0.102647
1073.5 0.101615
1073.78 0.100553
1074.05 0.0994746
1074.32 0.0983415
1074.59 0.0965181
1074.87 0.0955613
1075.14 0.0951438
1075.41 0.0940437
1075.68 0.0929699
1075.96 0.0919234
1076.23 0.0908036
1076.5 0.0896145
1076.78 0.08869
1077.05 0.0875102
1077.32 0.0863511
1077.59 0.083935
1077.87 0.0843763
1078.14 0.0831467
1078.41 0.0819953
1078.68 0.0811534
1078.96 0.0800822
1079.23 0.0790039
1079.5 0.077791
1079.77 0.0766855
1080.05 0.0758304
1080.32 0.0739514
1080.59 0.0744711
1080.86 0.0740263
1081.14 0.0736216
1081.41 0.0721131
1081.68 0.0725534
1081.95 0.0716952
1082.23 0.0714524
1082.5 0.0708619
1082.77 0.070363
1083.05 0.0698132
1083.32 0.0692111
1083.59 0.066726
1083.86 0.0681292
1084.14 0.0672954
1084.41 0.0668703
1084.68 0.0660971
1084.95 0.0659589
1085.23 0.0651706
1085.5 0.0646746
1085.77 0.0643269
1086.04 0.0625071
1086.32 0.0602227
1086.59 0.0624827
1086.86 0.0621513
1087.13 0.060718
1087.41 0.0610588
1087.68 0.0602397
1087.95 0.0599176
1088.22 0.0594394
1088.5 0.0585056
1088.77 0.0583581
1089.04 0.057351
1089.32 0.0567183
1089.59 0.0560283
1089.86 0.0562
1090.13 0.0552545
1090.41 0.0532853
1090.68 0.0539367
1090.95 0.0540488
1091.22 0.0534218
1091.5 0.0529702
1091.77 0.0523936
1092.04 0.0518381
1092.31 0.0513377
1092.59 0.048171
1092.86 0.0482058
1093.13 0.0497427
1093.4 0.0488041
1093.68 0.0484495
1093.95 0.0479127
1094.22 0.0474361
1094.49 0.0467238
1094.77 0.0457365
1095.04 0.0446803
1095.31 0.045336
1095.59 0.0449622
1095.86 0.0427316
1096.13 0.0428952
1096.4 0.0424949
1096.68 0.0428278
1096.95 0.0423775
1097.22 0.0417445
1097.49 0.0407214
1097.77 0.0398155
1098.04 0.0389242
1098.31 0.039513
1098.58 0.0387092
1098.86 0.037655
1099.13 0.0374998
1099.4 0.0371023
1099.67 0.0347136
